V1	V2	V3	V4	V5	V6	V7	V8	V9	V10	V11	V12	V13	V14	V15	V16	V17	V18	V19	V20	V21	V22	V23	V24	V25	V26	V27	V28	V29	V30	V31	V32	V33	V34	V35	V36	V37	V38	V39	V40	V41	V42	V43	V44	V45	V46	V47	V48	V49	V50	V51	V52	V53	V54	V55	V56	V57	V58	V59	V60	V61	V62	V63	V64	V65	V66	V67	V68	V69	V70	V71	V72	V73	V74	V75	V76	V77	V78	V79	V80	V81	V82	V83	V84	V85	V86	V87	V88	V89	V90	V91	V92	V93	V94	V95	V96	V97	V98	V99	V100	V101	V102	V103	V104	V105	V106	V107	V108	V109	V110	V111	V112
1	0	0	0	0	0	0	0	0	0	0	0	0	0	0	0	0	0	0	0	0	0	0	0	0	0	0	0	0	0	0	0	0	0	0	0	0	0	0	0	0	0	0	0	0	0	0	0	0	0	0	0	0	0	0	0	0	0	0	0	0	0	0	0	0	0	0	0	0	0	0	0	0	0	0	0	0	0	0	0	0	0	0	0	0	0	0	0	0	0	0	0	0	0	0	0	0	0	0	0	0	0	0	0	0	0	0	0	0	0	0	0	0
2	NA	0	0	0	0	0	0	0	0	0	0	0	0	0	0	0	0	0	0	0	0	0	0	0	0	0	0	0	0	0	0	0	0	0	0	0	0	0	0	0	0	0	0	0	0	0	0	0	0	0	0	0	0	0	0	0	0	0	0	0	0	0	0	0	0	0	0	0	0	0	0	0	0	0	0	0	0	0	0	0	0	0	0	0	0	0	0	0	0	0	0	0	0	0	0	0	0	0	0	0	0	0	0	0	0	0	0	0	0	0	0	0
3	NA	NA	0	0	0	0	0	0	0	0	0	0	0	0	0	0	0	0	0	0	0	0	0	0	0	0	0	0	0	0	0	0	0	0	0	0	0	0	0	0	0	0	0	0	0	0	0	0	0	0	0	0	0	0	0	0	0	0	0	0	0	0	0	0	0	0	0	0	0	0	0	0	0	0	0	0	0	0	0	0	0	0	0	0	0	0	0	0	0	0	0	0	0	0	0	0	0	0	0	0	0	0	0	0	0	0	0	0	0	0	0	0
4	NA	NA	NA	0	0	0	0	0	0	0	0	0	0	0	0	0	0	0	0	0	0	0	0	0	0	0	0	0	0	0	0	0	0	0	0	0	0	0	0	0	0	0	0	0	0	0	0	0	0	0	0	0	0	0	0	0	0	0	0	0	0	0	0	0	0	0	0	0	0	0	0	0	0	0	0	0	0	0	0	0	0	0	0	0	0	0	0	0	0	0	0	0	0	0	0	0	0	0	0	0	0	0	0	0	0	0	0	0	0	0	0	0
5	NA	NA	NA	NA	0	0	0	0	0	0	0	0	0	0	0	0	0	0	0	0	0	0	0	0	0	0	0	0	0	0	0	0	0	0	0	0	0	0	0	0	0	0	0	0	0	0	0	0	0	0	0	0	0	0	0	0	0	0	0	0	0	0	0	0	0	0	0	0	0	0	0	0	0	0	0	0	0	0	0	0	0	0	0	0	0	0	0	0	0	0	0	0	0	0	0	0	0	0	0	0	0	0	0	0	0	0	0	0	0	0	0	0
6	NA	NA	NA	NA	NA	0	0	0	0	0	0	0	0	0	0	0	0	0	0	0	0	0	0	0	0	0	0	0	0	0	0	0	0	0	0	0	0	0	0	0	0	0	0	0	0	0	0	0	0	0	0	0	0	0	0	0	0	0	0	0	0	0	0	0	0	0	0	0	0	0	0	0	0	0	0	0	0	0	0	0	0	0	0	0	0	0	0	0	0	0	0	0	0	0	0	0	0	0	0	0	0	0	0	0	0	0	0	0	0	0	0	0
7	NA	NA	NA	NA	NA	NA	0	0	0	0	0	0	0	0	0	0	0	0	0	0	0	0	0	0	0	0	0	0	0	0	0	0	0	0	0	0	0	0	0	0	0	0	0	0	0	0	0	0	0	0	0	0	0	0	0	0	0	0	0	0	0	0	0	0	0	0	0	0	0	0	0	0	0	0	0	0	0	0	0	0	0	0	0	0	0	0	0	0	0	0	0	0	0	0	0	0	0	0	0	0	0	0	0	0	0	0	0	0	0	0	0	0
8	NA	NA	NA	NA	NA	NA	NA	0	0	0	0	0	0	0	0	0	0	0	0	0	0	0	0	0	0	0	0	0	0	0	0	0	0	0	0	0	0	0	0	0	0	0	0	0	0	0	0	0	0	0	0	0	0	0	0	0	0	0	0	0	0	0	0	0	0	0	0	0	0	0	0	0	0	0	0	0	0	0	0	0	0	0	0	0	0	0	0	0	0	0	0	0	0	0	0	0	0	0	0	0	0	0	0	0	0	0	0	0	0	0	0	0
9	NA	NA	NA	NA	NA	NA	NA	NA	0	0	0	0	0	0	0	0	0	0	0	0	0	0	0	0	0	0	0	0	0	0	0	0	0	0	0	0	0	0	0	0	0	0	0	0	0	0	0	0	0	0	0	0	0	0	0	0	0	0	0	0	0	0	0	0	0	0	0	0	0	0	0	0	0	0	0	0	0	0	0	0	0	0	0	0	0	0	0	0	0	0	0	0	0	0	0	0	0	0	0	0	0	0	0	0	0	0	0	0	0	0	0	0
10	NA	NA	NA	NA	NA	NA	NA	NA	NA	0	0	0	0	0	0	0	0	0	0	0	0	0	0	0	0	0	0	0	0	0	0	0	0	0	0	0	0	0	0	0	0	0	0	0	0	0	0	0	0	0	0	0	0	0	0	0	0	0	0	0	0	0	0	0	0	0	0	0	0	0	0	0	0	0	0	0	0	0	0	0	0	0	0	0	0	0	0	0	0	0	0	0	0	0	0	0	0	0	0	0	0	0	0	0	0	0	0	0	0	0	0	0
11	NA	NA	NA	NA	NA	NA	NA	NA	NA	NA	0	0	0	0	0	0	0	0	0	0	0	0	0	0	0	0	0	0	0	0	0	0	0	0	0	0	0	0	0	0	0	0	0	0	0	0	0	0	0	0	0	0	0	0	0	0	0	0	0	0	0	0	0	0	0	0	0	0	0	0	0	0	0	0	0	0	0	0	0	0	0	0	0	0	0	0	0	0	0	0	0	0	0	0	0	0	0	0	0	0	0	0	0	0	0	0	0	0	0	0	0	0
12	NA	NA	NA	NA	NA	NA	NA	NA	NA	NA	NA	0	0	0	0	0	0	0	0	0	0	0	0	0	0	0	0	0	0	0	0	0	0	0	0	0	0	0	0	0	0	0	0	0	0	0	0	0	0	0	0	0	0	0	0	0	0	0	0	0	0	0	0	0	0	0	0	0	0	0	0	0	0	0	0	0	0	0	0	0	0	0	0	0	0	0	0	0	0	0	0	0	0	0	0	0	0	0	0	0	0	0	0	0	0	0	0	0	0	0	0	0
13	NA	NA	NA	NA	NA	NA	NA	NA	NA	NA	NA	NA	0	0	0	0	0	0	0	0	0	0	0	0	0	0	0	0	0	0	0	0	0	0	0	0	0	0	0	0	0	0	0	0	0	0	0	0	0	0	0	0	0	0	0	0	0	0	0	0	0	0	0	0	0	0	0	0	0	0	0	0	0	0	0	0	0	0	0	0	0	0	0	0	0	0	0	0	0	0	0	0	0	0	0	0	0	0	0	0	0	0	0	0	0	0	0	0	0	0	0	0
14	NA	NA	NA	NA	NA	NA	NA	NA	NA	NA	NA	NA	NA	0	0	0	0	0	0	0	0	0	0	0	0	0	0	0	0	0	0	0	0	0	0	0	0	0	0	0	0	0	0	0	0	0	0	0	0	0	0	0	0	0	0	0	0	0	0	0	0	0	0	0	0	0	0	0	0	0	0	0	0	0	0	0	0	0	0	0	0	0	0	0	0	0	0	0	0	0	0	0	0	0	0	0	0	0	0	0	0	0	0	0	0	0	0	0	0	0	0	0
15	NA	NA	NA	NA	NA	NA	NA	NA	NA	NA	NA	NA	NA	NA	0	0	0	0	0	0	0	0	0	0	0	0	0	0	0	0	0	0	0	0	0	0	0	0	0	0	0	0	0	0	0	0	0	0	0	0	0	0	0	0	0	0	0	0	0	0	0	0	0	0	0	0	0	0	0	0	0	0	0	0	0	0	0	0	0	0	0	0	0	0	0	0	0	0	0	0	0	0	0	0	0	0	0	0	0	0	0	0	0	0	0	0	0	0	0	0	0	0
16	NA	NA	NA	NA	NA	NA	NA	NA	NA	NA	NA	NA	NA	NA	NA	0	0	0	0	0	0	0	0	0	0	0	0	0	0	0	0	0	0	0	0	0	0	0	0	0	0	0	0	0	0	0	0	0	0	0	0	0	0	0	0	0	0	0	0	0	0	0	0	0	0	0	0	0	0	0	0	0	0	0	0	0	0	0	0	0	0	0	0	0	0	0	0	0	0	0	0	0	0	0	0	0	0	0	0	0	0	0	0	0	0	0	0	0	0	0	0	0
17	NA	NA	NA	NA	NA	NA	NA	NA	NA	NA	NA	NA	NA	NA	NA	NA	0	0	0	0	0	0	0	0	0	0	0	0	0	0	0	0	0	0	0	0	0	0	0	0	0	0	0	0	0	0	0	0	0	0	0	0	0	0	0	0	0	0	0	0	0	0	0	0	0	0	0	0	0	0	0	0	0	0	0	0	0	0	0	0	0	0	0	0	0	0	0	0	0	0	0	0	0	0	0	0	0	0	0	0	0	0	0	0	0	0	0	0	0	0	0	0
18	NA	NA	NA	NA	NA	NA	NA	NA	NA	NA	NA	NA	NA	NA	NA	NA	NA	0	0	0	0	0	0	0	0	0	0	0	0	0	0	0	0	0	0	0	0	0	0	0	0	0	0	0	0	0	0	0	0	0	0	0	0	0	0	0	0	0	0	0	0	0	0	0	0	0	0	0	0	0	0	0	0	0	0	0	0	0	0	0	0	0	0	0	0	0	0	0	0	0	0	0	0	0	0	0	0	0	0	0	0	0	0	0	0	0	0	0	0	0	0	0
19	NA	NA	NA	NA	NA	NA	NA	NA	NA	NA	NA	NA	NA	NA	NA	NA	NA	NA	0	0	0	0	0	0	0	0	0	0	0	0	0	0	0	0	0	0	0	0	0	0	0	0	0	0	0	0	0	0	0	0	0	0	0	0	0	0	0	0	0	0	0	0	0	0	0	0	0	0	0	0	0	0	0	0	0	0	0	0	0	0	0	0	0	0	0	0	0	0	0	0	0	0	0	0	0	0	0	0	0	0	0	0	0	0	0	0	0	0	0	0	0	0
20	NA	NA	NA	NA	NA	NA	NA	NA	NA	NA	NA	NA	NA	NA	NA	NA	NA	NA	NA	0	0	0	0	0	0	0	0	0	0	0	0	0	0	0	0	0	0	0	0	0	0	0	0	0	0	0	0	0	0	0	0	0	0	0	0	0	0	0	0	0	0	0	0	0	0	0	0	0	0	0	0	0	0	0	0	0	0	0	0	0	0	0	0	0	0	0	0	0	0	0	0	0	0	0	0	0	0	0	0	0	0	0	0	0	0	0	0	0	0	0	0	0
21	NA	NA	NA	NA	NA	NA	NA	NA	NA	NA	NA	NA	NA	NA	NA	NA	NA	NA	NA	NA	0	0	0	0	0	0	0	0	0	0	0	0	0	0	0	0	0	0	0	0	0	0	0	0	0	0	0	0	0	0	0	0	0	0	0	0	0	0	0	0	0	0	0	0	0	0	0	0	0	0	0	0	0	0	0	0	0	0	0	0	0	0	0	0	0	0	0	0	0	0	0	0	0	0	0	0	0	0	0	0	0	0	0	0	0	0	0	0	0	0	0	0
22	NA	NA	NA	NA	NA	NA	NA	NA	NA	NA	NA	NA	NA	NA	NA	NA	NA	NA	NA	NA	NA	0	0	0	0	0	0	0	0	0	0	0	0	0	0	0	0	0	0	0	0	0	0	0	0	0	0	0	0	0	0	0	0	0	0	0	0	0	0	0	0	0	0	0	0	0	0	0	0	0	0	0	0	0	0	0	0	0	0	0	0	0	0	0	0	0	0	0	0	0	0	0	0	0	0	0	0	0	0	0	0	0	0	0	0	0	0	0	0	0	0	0
23	NA	NA	NA	NA	NA	NA	NA	NA	NA	NA	NA	NA	NA	NA	NA	NA	NA	NA	NA	NA	NA	NA	0	0	0	0	0	0	0	0	0	0	0	0	0	0	0	0	0	0	0	0	0	0	0	0	0	0	0	0	0	0	0	0	0	0	0	0	0	0	0	0	0	0	0	0	0	0	0	0	0	0	0	0	0	0	0	0	0	0	0	0	0	0	0	0	0	0	0	0	0	0	0	0	0	0	0	0	0	0	0	0	0	0	0	0	0	0	0	0	0	0
24	NA	NA	NA	NA	NA	NA	NA	NA	NA	NA	NA	NA	NA	NA	NA	NA	NA	NA	NA	NA	NA	NA	NA	0	0	0	0	0	0	0	0	0	0	0	0	0	0	0	0	0	0	0	0	0	0	0	0	0	0	0	0	0	0	0	0	0	0	0	0	0	0	0	0	0	0	0	0	0	0	0	0	0	0	0	0	0	0	0	0	0	0	0	0	0	0	0	0	0	0	0	0	0	0	0	0	0	0	0	0	0	0	0	0	0	0	0	0	0	0	0	0	0
25	NA	NA	NA	NA	NA	NA	NA	NA	NA	NA	NA	NA	NA	NA	NA	NA	NA	NA	NA	NA	NA	NA	NA	NA	0	0	0	0	0	0	0	0	0	0	0	0	0	0	0	0	0	0	0	0	0	0	0	0	0	0	0	0	0	0	0	0	0	0	0	0	0	0	0	0	0	0	0	0	0	0	0	0	0	0	0	0	0	0	0	0	0	0	0	0	0	0	0	0	0	0	0	0	0	0	0	0	0	0	0	0	0	0	0	0	0	0	0	0	0	0	0	0
26	NA	NA	NA	NA	NA	NA	NA	NA	NA	NA	NA	NA	NA	NA	NA	NA	NA	NA	NA	NA	NA	NA	NA	NA	NA	0	0	0	0	0	0	0	0	0	0	0	0	0	0	0	0	0	0	0	0	0	0	0	0	0	0	0	0	0	0	0	0	0	0	0	0	0	0	0	0	0	0	0	0	0	0	0	0	0	0	0	0	0	0	0	0	0	0	0	0	0	0	0	0	0	0	0	0	0	0	0	0	0	0	0	0	0	0	0	0	0	0	0	0	0	0	0
27	NA	NA	NA	NA	NA	NA	NA	NA	NA	NA	NA	NA	NA	NA	NA	NA	NA	NA	NA	NA	NA	NA	NA	NA	NA	NA	0	0	0	0	0	0	0	0	0	0	0	0	0	0	0	0	0	0	0	0	0	0	0	0	0	0	0	0	0	0	0	0	0	0	0	0	0	0	0	0	0	0	0	0	0	0	0	0	0	0	0	0	0	0	0	0	0	0	0	0	0	0	0	0	0	0	0	0	0	0	0	0	0	0	0	0	0	0	0	0	0	0	0	0	0	0
28	NA	NA	NA	NA	NA	NA	NA	NA	NA	NA	NA	NA	NA	NA	NA	NA	NA	NA	NA	NA	NA	NA	NA	NA	NA	NA	NA	0	0	0	0	0	0	0	0	0	0	0	0	0	0	0	0	0	0	0	0	0	0	0	0	0	0	0	0	0	0	0	0	0	0	0	0	0	0	0	0	0	0	0	0	0	0	0	0	0	0	0	0	0	0	0	0	0	0	0	0	0	0	0	0	0	0	0	0	0	0	0	0	0	0	0	0	0	0	0	0	0	0	0	0	0
29	NA	NA	NA	NA	NA	NA	NA	NA	NA	NA	NA	NA	NA	NA	NA	NA	NA	NA	NA	NA	NA	NA	NA	NA	NA	NA	NA	NA	0	0	0	0	0	0	0	0	0	0	0	0	0	0	0	0	0	0	0	0	0	0	0	0	0	0	0	0	0	0	0	0	0	0	0	0	0	0	0	0	0	0	0	0	0	0	0	0	0	0	0	0	0	0	0	0	0	0	0	0	0	0	0	0	0	0	0	0	0	0	0	0	0	0	0	0	0	0	0	0	0	0	0	0
30	NA	NA	NA	NA	NA	NA	NA	NA	NA	NA	NA	NA	NA	NA	NA	NA	NA	NA	NA	NA	NA	NA	NA	NA	NA	NA	NA	NA	NA	0	0	0	0	0	0	0	0	0	0	0	0	0	0	0	0	0	0	0	0	0	0	0	0	0	0	0	0	0	0	0	0	0	0	0	0	0	0	0	0	0	0	0	0	0	0	0	0	0	0	0	0	0	0	0	0	0	0	0	0	0	0	0	0	0	0	0	0	0	0	0	0	0	0	0	0	0	0	0	0	0	0	0
31	NA	NA	NA	NA	NA	NA	NA	NA	NA	NA	NA	NA	NA	NA	NA	NA	NA	NA	NA	NA	NA	NA	NA	NA	NA	NA	NA	NA	NA	NA	0	0	0	0	0	0	0	0	0	0	0	0	0	0	0	0	0	0	0	0	0	0	0	0	0	0	0	0	0	0	0	0	0	0	0	0	0	0	0	0	0	0	0	0	0	0	0	0	0	0	0	0	0	0	0	0	0	0	0	0	0	0	0	0	0	0	0	0	0	0	0	0	0	0	0	0	0	0	0	0	0	0
32	NA	NA	NA	NA	NA	NA	NA	NA	NA	NA	NA	NA	NA	NA	NA	NA	NA	NA	NA	NA	NA	NA	NA	NA	NA	NA	NA	NA	NA	NA	NA	0	0	0	0	0	0	0	0	0	0	0	0	0	0	0	0	0	0	0	0	0	0	0	0	0	0	0	0	0	0	0	0	0	0	0	0	0	0	0	0	0	0	0	0	0	0	0	0	0	0	0	0	0	0	0	0	0	0	0	0	0	0	0	0	0	0	0	0	0	0	0	0	0	0	0	0	0	0	0	0	0
33	NA	NA	NA	NA	NA	NA	NA	NA	NA	NA	NA	NA	NA	NA	NA	NA	NA	NA	NA	NA	NA	NA	NA	NA	NA	NA	NA	NA	NA	NA	NA	NA	0	0	0	0	0	0	0	0	0	0	0	0	0	0	0	0	0	0	0	0	0	0	0	0	0	0	0	0	0	0	0	0	0	0	0	0	0	0	0	0	0	0	0	0	0	0	0	0	0	0	0	0	0	0	0	0	0	0	0	0	0	0	0	0	0	0	0	0	0	0	0	0	0	0	0	0	0	0	0	0
34	NA	NA	NA	NA	NA	NA	NA	NA	NA	NA	NA	NA	NA	NA	NA	NA	NA	NA	NA	NA	NA	NA	NA	NA	NA	NA	NA	NA	NA	NA	NA	NA	NA	0	0	0	0	0	0	0	0	0	0	0	0	0	0	0	0	0	0	0	0	0	0	0	0	0	0	0	0	0	0	0	0	0	0	0	0	0	0	0	0	0	0	0	0	0	0	0	0	0	0	0	0	0	0	0	0	0	0	0	0	0	0	0	0	0	0	0	0	0	0	0	0	0	0	0	0	0	0	0
35	NA	NA	NA	NA	NA	NA	NA	NA	NA	NA	NA	NA	NA	NA	NA	NA	NA	NA	NA	NA	NA	NA	NA	NA	NA	NA	NA	NA	NA	NA	NA	NA	NA	NA	0	0	0	0	0	0	0	0	0	0	0	0	0	0	0	0	0	0	0	0	0	0	0	0	0	0	0	0	0	0	0	0	0	0	0	0	0	0	0	0	0	0	0	0	0	0	0	0	0	0	0	0	0	0	0	0	0	0	0	0	0	0	0	0	0	0	0	0	0	0	0	0	0	0	0	0	0	0
36	NA	NA	NA	NA	NA	NA	NA	NA	NA	NA	NA	NA	NA	NA	NA	NA	NA	NA	NA	NA	NA	NA	NA	NA	NA	NA	NA	NA	NA	NA	NA	NA	NA	NA	NA	0	0	0	0	0	0	0	0	0	0	0	0	0	0	0	0	0	0	0	0	0	0	0	0	0	0	0	0	0	0	0	0	0	0	0	0	0	0	0	0	0	0	0	0	0	0	0	0	0	0	0	0	0	0	0	0	0	0	0	0	0	0	0	0	0	0	0	0	0	0	0	0	0	0	0	0	0
37	NA	NA	NA	NA	NA	NA	NA	NA	NA	NA	NA	NA	NA	NA	NA	NA	NA	NA	NA	NA	NA	NA	NA	NA	NA	NA	NA	NA	NA	NA	NA	NA	NA	NA	NA	NA	0	0	0	0	0	0	0	0	0	0	0	0	0	0	0	0	0	0	0	0	0	0	0	0	0	0	0	0	0	0	0	0	0	0	0	0	0	0	0	0	0	0	0	0	0	0	0	0	0	0	0	0	0	0	0	0	0	0	0	0	0	0	0	0	0	0	0	0	0	0	0	0	0	0	0	0
38	NA	NA	NA	NA	NA	NA	NA	NA	NA	NA	NA	NA	NA	NA	NA	NA	NA	NA	NA	NA	NA	NA	NA	NA	NA	NA	NA	NA	NA	NA	NA	NA	NA	NA	NA	NA	NA	0	0	0	0	0	0	0	0	0	0	0	0	0	0	0	0	0	0	0	0	0	0	0	0	0	0	0	0	0	0	0	0	0	0	0	0	0	0	0	0	0	0	0	0	0	0	0	0	0	0	0	0	0	0	0	0	0	0	0	0	0	0	0	0	0	0	0	0	0	0	0	0	0	0	0
39	NA	NA	NA	NA	NA	NA	NA	NA	NA	NA	NA	NA	NA	NA	NA	NA	NA	NA	NA	NA	NA	NA	NA	NA	NA	NA	NA	NA	NA	NA	NA	NA	NA	NA	NA	NA	NA	NA	0	0	0	0	0	0	0	0	0	0	0	0	0	0	0	0	0	0	0	0	0	0	0	0	0	0	0	0	0	0	0	0	0	0	0	0	0	0	0	0	0	0	0	0	0	0	0	0	0	0	0	0	0	0	0	0	0	0	0	0	0	0	0	0	0	0	0	0	0	0	0	0	0	0
40	NA	NA	NA	NA	NA	NA	NA	NA	NA	NA	NA	NA	NA	NA	NA	NA	NA	NA	NA	NA	NA	NA	NA	NA	NA	NA	NA	NA	NA	NA	NA	NA	NA	NA	NA	NA	NA	NA	NA	0	0	0	0	0	0	0	0	0	0	0	0	0	0	0	0	0	0	0	0	0	0	0	0	0	0	0	0	0	0	0	0	0	0	0	0	0	0	0	0	0	0	0	0	0	0	0	0	0	0	0	0	0	0	0	0	0	0	0	0	0	0	0	0	0	0	0	0	0	0	0	0	0
41	NA	NA	NA	NA	NA	NA	NA	NA	NA	NA	NA	NA	NA	NA	NA	NA	NA	NA	NA	NA	NA	NA	NA	NA	NA	NA	NA	NA	NA	NA	NA	NA	NA	NA	NA	NA	NA	NA	NA	NA	0	0	0	0	0	0	0	0	0	0	0	0	0	0	0	0	0	0	0	0	0	0	0	0	0	0	0	0	0	0	0	0	0	0	0	0	0	0	0	0	0	0	0	0	0	0	0	0	0	0	0	0	0	0	0	0	0	0	0	0	0	0	0	0	0	0	0	0	0	0	0	0
42	NA	NA	NA	NA	NA	NA	NA	NA	NA	NA	NA	NA	NA	NA	NA	NA	NA	NA	NA	NA	NA	NA	NA	NA	NA	NA	NA	NA	NA	NA	NA	NA	NA	NA	NA	NA	NA	NA	NA	NA	NA	54.2000007629395	0	45.7000007629395	0	39.0999984741211	0	10.3000001907349	0	-52.5	0	-68.0999984741211	0	0	15.3000001907349	53.2000007629395	0	32.3500003814697	-18.1000003814697	-15.6000003814697	-17.7999992370605	0	0	10.8999996185303	0	34.0999984741211	0	0	25.1000003814697	0	0	0	0	-1.09999990463257	0	0	0	0	0	0	0	0	0	0	0	0	0	0	0	0	0	0	0	0	0	0	0	0	0	0	0	0	0	0	0	0	0	0	0	0	0	0
43	NA	NA	NA	NA	NA	NA	NA	NA	NA	NA	NA	NA	NA	NA	NA	NA	NA	NA	NA	NA	NA	NA	NA	NA	NA	NA	NA	NA	NA	NA	NA	NA	NA	NA	NA	NA	NA	NA	NA	NA	NA	NA	0	0	0	0	0	0	0	0	0	0	0	0	0	0	0	0	0	0	0	0	0	0	0	0	0	0	0	0	0	0	0	0	0	0	0	0	0	0	0	0	0	0	0	0	0	0	0	0	0	0	0	0	0	0	0	0	0	0	0	0	0	0	0	0	0	0	0	0	0	0
44	NA	NA	NA	NA	NA	NA	NA	NA	NA	NA	NA	NA	NA	NA	NA	NA	NA	NA	NA	NA	NA	NA	NA	NA	NA	NA	NA	NA	NA	NA	NA	NA	NA	NA	NA	NA	NA	NA	NA	NA	NA	NA	NA	7.40000009536743	-19.7000007629395	47.7000007629395	56.2000007629395	52.7000007629395	-28.5499992370605	-37.4000015258789	-30.2999992370605	-32.7999992370605	-71.1999969482422	-40.1500015258789	-10.8500003814697	63.2999992370605	51.7000007629395	60.4500007629395	-17.2000007629395	-16.7000007629395	16.7000007629395	-57	-56	33.0999984741211	-31.6499996185303	22	-44.4000015258789	-35.7999992370605	24.8999996185303	-25.7000007629395	-43.2000007629395	0	0	-9.69999980926514	0	0	0	0	0	0	0	0	0	0	0	0	0	0	0	0	0	0	0	0	0	0	0	0	0	0	0	0	0	0	0	0	0	0	0	0	0	0
45	NA	NA	NA	NA	NA	NA	NA	NA	NA	NA	NA	NA	NA	NA	NA	NA	NA	NA	NA	NA	NA	NA	NA	NA	NA	NA	NA	NA	NA	NA	NA	NA	NA	NA	NA	NA	NA	NA	NA	NA	NA	NA	NA	NA	-58	35.5999984741211	72.8000030517578	69.3000030517578	-20.3499994277954	-36.2999992370605	-32.7999992370605	-52	-68.0999984741211	-55.25	-10.8999996185303	54.7000007629395	52.7000007629395	62.7999992370605	-12.7000002861023	10.6000003814697	-15.6999998092651	-53	-42.4000015258789	33.8499994277954	-36.4000015258789	16.75	0	-36.2999992370605	26.25	-30.0499992370605	0	0	0	18.5	0	0	0	0	0	0	0	0	0	0	0	0	0	0	0	0	0	0	0	0	0	0	0	0	0	0	0	0	0	0	0	0	0	0	0	0	0	0
46	NA	NA	NA	NA	NA	NA	NA	NA	NA	NA	NA	NA	NA	NA	NA	NA	NA	NA	NA	NA	NA	NA	NA	NA	NA	NA	NA	NA	NA	NA	NA	NA	NA	NA	NA	NA	NA	NA	NA	NA	NA	NA	NA	NA	NA	-30.2999992370605	39.5999984741211	43.7000007629395	-7.35000014305115	-41.4000015258789	-33.0499992370605	-29.7999992370605	-70.1999969482422	-63.5999984741211	-28.7000007629395	27.3999996185303	35.0999984741211	63.7999992370605	16.7000007629395	-13.1000003814697	-12.1000003814697	-56	-29.5499992370605	24	-21.7000007629395	15	-35.1000003814697	-33.7999992370605	29.6000003814697	-40.1499996185303	-59	0	0	17.2999992370605	0	0	0	0	0	0	0	0	0	0	0	0	0	0	0	0	0	0	0	0	0	0	0	0	0	0	0	0	0	0	0	0	0	0	0	0	0	0
47	NA	NA	NA	NA	NA	NA	NA	NA	NA	NA	NA	NA	NA	NA	NA	NA	NA	NA	NA	NA	NA	NA	NA	NA	NA	NA	NA	NA	NA	NA	NA	NA	NA	NA	NA	NA	NA	NA	NA	NA	NA	NA	NA	NA	NA	NA	-12.1000003814697	14.3000001907349	-30.0499992370605	-44.6500015258789	-31.5499992370605	-27.7000007629395	-73.1999969482422	-66.0999984741211	-53.5	-12.8500003814697	-17.3000001907349	64.3000011444092	30.5	-13.8000001907349	-18.3000001907349	-59.0499992370605	-56.75	34.3499984741211	-19.2999992370605	25.6000003814697	-14.3000001907349	-48.4500007629395	35.5999984741211	-60.0999984741211	-56.5	0	0	13.6999998092651	0	0	0	0	0	0	0	0	0	0	0	0	0	0	0	0	0	0	0	0	0	0	0	0	0	0	0	0	0	0	0	0	0	0	0	0	0	0
48	NA	NA	NA	NA	NA	NA	NA	NA	NA	NA	NA	NA	NA	NA	NA	NA	NA	NA	NA	NA	NA	NA	NA	NA	NA	NA	NA	NA	NA	NA	NA	NA	NA	NA	NA	NA	NA	NA	NA	NA	NA	NA	NA	NA	NA	NA	NA	19	-20.8999996185303	-43.4000015258789	14	-11.6999998092651	-65.0999984741211	-62.0999984741211	-61.0999984741211	-15.1999998092651	-11.5499997138977	59.2000007629395	28.1000003814697	14	11.8000001907349	-54	-55	21	-16.0500001907349	21.8999996185303	-9.45000028610229	-23.7000007629395	29.1000003814697	-55.25	-23.2000007629395	-10.6000003814697	1.64999985694885	17.5	-28.7000007629395	30.8500003814697	-38.9000015258789	28.25	-26.2999992370605	-27.7000007629395	12.3000001907349	-27.8999996185303	-16.5	-12.5	-9.10000038146973	-14.1999998092651	-10.6999998092651	-8.19999980926514	-27.5	-24.5500001907349	9.39999961853027	23.6000003814697	20.2000007629395	14.9499998092651	18.4499998092651	12.8999996185303	-13.6499996185303	-20.7000007629395	-20.6500005722046	-14.1500000953674	-15.6999998092651	-29.6000003814697	-24.2000007629395	17.2999992370605	15.3999996185303	14.5	-11.1999998092651	11.9000000953674	27.5	-16.9500007629395	-41.1500015258789	-60.0999984741211
49	NA	NA	NA	NA	NA	NA	NA	NA	NA	NA	NA	NA	NA	NA	NA	NA	NA	NA	NA	NA	NA	NA	NA	NA	NA	NA	NA	NA	NA	NA	NA	NA	NA	NA	NA	NA	NA	NA	NA	NA	NA	NA	NA	NA	NA	NA	NA	NA	-10	8.60000038146973	63.7999992370605	29.1000003814697	-18.5500001907349	-56.75	-37.3500003814697	-12.1500000953674	52.7000007629395	40.5999984741211	-16.75	-18.4000005722046	8	20.0999994277954	27.6000003814697	14.4499998092651	35	-15.4500002861023	10.8000001907349	19.1999998092651	14.5	19.9499998092651	-19.6000003814697	12.6999998092651	18.2000007629395	14.3999996185303	-14.6999998092651	30.6000003814697	-17.7999992370605	28.3500003814697	-10.1999998092651	10.3999996185303	-8.05000019073486	0	-16.1000003814697	-9.70000028610229	-12.3000001907349	-10.1000003814697	15.8000001907349	-13.1000003814697	-15.6500005722046	-11.1999998092651	-15.6000003814697	16.7000007629395	16.3999996185303	18.5	30.6000003814697	20.8999996185303	0	-16.6500005722046	-15.8999996185303	10.5	-3.59999990463257	0	-19.2000007629395	-0.75	9.19999980926514	0	-17.8499999046326	14	29	-15.2500004768372	-32.2999992370605	-57
50	NA	NA	NA	NA	NA	NA	NA	NA	NA	NA	NA	NA	NA	NA	NA	NA	NA	NA	NA	NA	NA	NA	NA	NA	NA	NA	NA	NA	NA	NA	NA	NA	NA	NA	NA	NA	NA	NA	NA	NA	NA	NA	NA	NA	NA	NA	NA	NA	NA	23	33.5999984741211	-11.3999996185303	-12.6000003814697	-66.0999984741211	-20.7000007629395	8.80000019073486	53.2000007629395	32.0999984741211	-20	-24.8999996185303	8.19999980926514	32.5999984741211	47.7000007629395	8.34999990463257	33.5999984741211	-18.6000003814697	13.6999998092651	33.5999984741211	-11	36.5999984741211	-11.3499999046326	15.8999996185303	21.75	12.8000001907349	35.0499992370605	26.0500001907349	-17.4000005722046	29.3000001907349	14.1999998092651	13.8999996185303	9.80000019073486	-17.6000003814697	-16.1000003814697	11.8999996185303	-12.8000001907349	16.7999992370605	-9.80000019073486	-16.7000007629395	11.5500001907349	9.80000019073486	-16.7999992370605	15.5	17.25	17.5	36.0999984741211	17.75	15.8000001907349	-9.34999990463257	-8.84999990463257	14.1499996185303	9.69999980926514	9.44999980926514	7.69999980926514	-10.3999996185303	11.1000003814697	-10.0999999046326	-17.1000003814697	9.75	23.75	-17.6000003814697	-33.2999992370605	-53.5
51	NA	NA	NA	NA	NA	NA	NA	NA	NA	NA	NA	NA	NA	NA	NA	NA	NA	NA	NA	NA	NA	NA	NA	NA	NA	NA	NA	NA	NA	NA	NA	NA	NA	NA	NA	NA	NA	NA	NA	NA	NA	NA	NA	NA	NA	NA	NA	NA	NA	NA	13.3999996185303	-9.80000019073486	-15.75	-65.5999984741211	-47.4000015258789	-25.7000007629395	28.1000003814697	27.1000003814697	-21.7000007629395	-18.6000003814697	10.1000003814697	9.84999990463257	-10.1000003814697	9.39999961853027	16	-18.2999992370605	-18.5999994277954	24.3999996185303	-14.8000001907349	15.5	13	-7.80000019073486	18.5	-7.59999990463257	29.6000003814697	16.9499998092651	-10.8000001907349	26.6999998092651	19	11.3000001907349	9	-19.9500007629395	-27.3999996185303	10.8000001907349	-9.10000038146973	-9.30000019073486	-10.8000001907349	7.40000009536743	-0.700000047683716	-9.89999961853027	-23.7000007629395	17.5499992370605	18	19	43.1499996185303	33.0999984741211	13.25	11.1000003814697	12	17.6999998092651	13.0500001907349	16	9.80000019073486	-8.39999961853027	-6.59999990463257	-16.9500007629395	-22.5500001907349	-13.7000002861023	-13.5	-16.6000003814697	-22.7000007629395	-46.9000015258789
52	NA	NA	NA	NA	NA	NA	NA	NA	NA	NA	NA	NA	NA	NA	NA	NA	NA	NA	NA	NA	NA	NA	NA	NA	NA	NA	NA	NA	NA	NA	NA	NA	NA	NA	NA	NA	NA	NA	NA	NA	NA	NA	NA	NA	NA	NA	NA	NA	NA	NA	NA	29.1000003814697	6.40000009536743	-60.0999984741211	-54	-25.2000007629395	19	27.6000003814697	-14.8999996185303	-22.7999992370605	11.8999996185303	12.6000003814697	-16.6500005722046	-8.60000038146973	16.2999992370605	-16.25	-20.1499996185303	16.2999992370605	-16.7000007629395	-8.64999961853027	15.8999996185303	11	9.5	9.30000019073486	27.1000003814697	13.4000000953674	15	25.1000003814697	18.25	9.44999980926514	8.5	-27.6000003814697	-27.2999992370605	-20.7000007629395	-6.85000014305115	-8.89999961853027	14	-13.6000003814697	-18.5999994277954	-21.8499994277954	-21.9500007629395	18.8999996185303	25.6000003814697	22.1000003814697	35.0999984741211	19.75	12	-9.30000019073486	14.8000001907349	19.8999996185303	8.75	17.4499998092651	15.25	-5.75	-15.9499998092651	-19.6000003814697	-14.6000003814697	-21	-15.8000001907349	-20.0999994277954	-15.1000003814697	-23.7000007629395
53	NA	NA	NA	NA	NA	NA	NA	NA	NA	NA	NA	NA	NA	NA	NA	NA	NA	NA	NA	NA	NA	NA	NA	NA	NA	NA	NA	NA	NA	NA	NA	NA	NA	NA	NA	NA	NA	NA	NA	NA	NA	NA	NA	NA	NA	NA	NA	NA	NA	NA	NA	NA	29	-31.7999992370605	-18.75	-8.19999980926514	42.2000007629395	-14.8000001907349	-26.2999992370605	-35.9000015258789	12.3999996185303	48.2000007629395	34.0499992370605	-17.3999996185303	45.7000007629395	-18.6000003814697	13.8999996185303	37.0999984741211	-30.7999992370605	44.2000007629395	22.0500001907349	24.6000003814697	19	8.5	29.5	9	20.5	10.6999998092651	26.6000003814697	17	14.8000001907349	33.0999984741211	23.25	18.25	-9.69999980926514	28.1000003814697	21.5	-25.75	14.8999996185303	-13.8500003814697	-21	11.1000003814697	25.6000003814697	-11.8000001907349	10	18.5	41.5999984741211	28.5500001907349	25.3999996185303	9.5	-18.3999996185303	-8.39999961853027	11.1999998092651	-15.1500000953674	25.5	14.6500000953674	7.5	-19.7000007629395	10.8000001907349	16.5	25.5	22.5
54	NA	NA	NA	NA	NA	NA	NA	NA	NA	NA	NA	NA	NA	NA	NA	NA	NA	NA	NA	NA	NA	NA	NA	NA	NA	NA	NA	NA	NA	NA	NA	NA	NA	NA	NA	NA	NA	NA	NA	NA	NA	NA	NA	NA	NA	NA	NA	NA	NA	NA	NA	NA	NA	21	24.5	-14.3000001907349	-30.7999992370605	10.8999996185303	38.0999984741211	-9.19999980926514	12.1000003814697	13.5	11.9000000953674	-13.6000003814697	25.5500001907349	10.1000003814697	-7.75	14.2999997138977	-13.1999998092651	-24.7000007629395	12.8999996185303	21.6000003814697	16.2000007629395	-6.64999985694885	22	-7.40000009536743	25	-9.10000038146973	-24.7000007629395	-9.69999980926514	15.3499999046326	-8.65000009536743	-19.8499994277954	-26.7999992370605	15.75	-10.8499999046326	-12.75	10.3000001907349	14	16.25	20.5	8.75	19.5	11.3999996185303	-9.10000038146973	8.10000038146973	-15.75	-12.6000003814697	-25.7000007629395	7.19999980926514	14.8000001907349	-12.75	-25.3000001907349	9.30000019073486	-11.7000002861023	12.1500000953674	9	17.9499998092651	-25.7000007629395	10.75	-15.6000003814697	21.5
55	NA	NA	NA	NA	NA	NA	NA	NA	NA	NA	NA	NA	NA	NA	NA	NA	NA	NA	NA	NA	NA	NA	NA	NA	NA	NA	NA	NA	NA	NA	NA	NA	NA	NA	NA	NA	NA	NA	NA	NA	NA	NA	NA	NA	NA	NA	NA	NA	NA	NA	NA	NA	NA	NA	18.5	-27.7000007629395	-26.2000007629395	-58	-11.6000003814697	-21.2999992370605	15	35.0999984741211	40.5999984741211	-15.6999998092651	44.7000007629395	-9.10000038146973	26	39.0999984741211	-22.2000007629395	38.5999984741211	21	8.30000019073486	14.3000001907349	11.5	44.1499996185303	15.3999996185303	28.1000003814697	-14.9500002861023	33.0999984741211	30.1000003814697	-7.90000009536743	17	17.3999996185303	22.75	-9.75	34.5999984741211	-8.19999980926514	-27.2999992370605	25.1000003814697	16	-17.2000007629395	-8.39999961853027	17.9499998092651	-12.1999998092651	-12.6000003814697	-14.6500000953674	14.8999996185303	24.5500001907349	21	-10.8999996185303	-8.19999980926514	12.5	17	9.94999980926514	15.5	14.1999998092651	27.1000003814697	15	-12.3499999046326	7.59999990463257	-21.7000007629395	-8.10000038146973
56	NA	NA	NA	NA	NA	NA	NA	NA	NA	NA	NA	NA	NA	NA	NA	NA	NA	NA	NA	NA	NA	NA	NA	NA	NA	NA	NA	NA	NA	NA	NA	NA	NA	NA	NA	NA	NA	NA	NA	NA	NA	NA	NA	NA	NA	NA	NA	NA	NA	NA	NA	NA	NA	NA	NA	21.2999992370605	9.10000038146973	-42.5	-24.7000007629395	-21.7000007629395	22.6000003814697	41.0999984741211	33.0999984741211	-8.60000038146973	39.5999984741211	-7.19999980926514	14.75	31.1000003814697	-20.2999992370605	25.3000001907349	15.3999996185303	8.94999980926514	14	11.5500001907349	28.1000003814697	-10.1999998092651	20.5	-12.5	18.4499998092651	23.1000003814697	-12.1000003814697	19	18.8999996185303	12.8999996185303	13	13.1999998092651	18	13.5	25.6000003814697	25.1000003814697	-20.7999992370605	-12.8999996185303	20	-6.69999980926514	-7.40000009536743	-16.8999996185303	12.3000001907349	14.5	14.3999996185303	-9.69999980926514	9.94999980926514	23	23.8999996185303	-9.34999990463257	19.7999992370605	14.3000001907349	15.8000001907349	-12.8000001907349	12.8999996185303	-7.19999980926514	-10.6000003814697	22.3000001907349
57	NA	NA	NA	NA	NA	NA	NA	NA	NA	NA	NA	NA	NA	NA	NA	NA	NA	NA	NA	NA	NA	NA	NA	NA	NA	NA	NA	NA	NA	NA	NA	NA	NA	NA	NA	NA	NA	NA	NA	NA	NA	NA	NA	NA	NA	NA	NA	NA	NA	NA	NA	NA	NA	NA	NA	NA	29	-38.7999992370605	-50	-45.9000015258789	25.1000003814697	50.7000007629395	53.7000007629395	-18.6000003814697	45.6499996185303	-22.2000007629395	10.8000001907349	49.7000007629395	-23.8999996185303	53.7000007629395	27.6000003814697	26	25.5	12.1999998092651	35.0999984741211	7.85000014305115	36.0999984741211	-17.9000005722046	26.5	-9.90000009536743	-8.5	27	25.1000003814697	39.0999984741211	11.8000001907349	42.0999984741211	35.5999984741211	-7.85000014305115	23.5	25	-25.2000007629395	-25.5	-27.7999992370605	-29.7999992370605	-15.1000003814697	11.8999996185303	11.5	8	35.0999984741211	13.8000001907349	9.15000009536743	29.6000003814697	18.75	-12.8000001907349	-15	-9.90000009536743	9.55000019073486	-13.2000002861023	37.0999984741211	14.4499998092651	41.7000007629395	54.7000007629395
58	NA	NA	NA	NA	NA	NA	NA	NA	NA	NA	NA	NA	NA	NA	NA	NA	NA	NA	NA	NA	NA	NA	NA	NA	NA	NA	NA	NA	NA	NA	NA	NA	NA	NA	NA	NA	NA	NA	NA	NA	NA	NA	NA	NA	NA	NA	NA	NA	NA	NA	NA	NA	NA	NA	NA	NA	NA	9.80000019073486	31	9.5	-9.80000019073486	-34.2999992370605	-31.7999992370605	10.5	-23.2999992370605	6.90000009536743	-11.4500002861023	-20.7000007629395	18	-26.8999996185303	-13.1000003814697	-15.2999997138977	-15	11.3000001907349	-13.1999998092651	9.89999961853027	-15.5	15.5	-36.1000003814697	-22.7000007629395	11.5	-26.7000007629395	-30.2999992370605	-26.7999992370605	9.39999961853027	-22.2999992370605	12	28.1000003814697	-11.3000001907349	11.3499999046326	14.5	-5.75	-14.1000003814697	-14.1000003814697	7.90000009536743	-12.1000003814697	-23.5500001907349	-26.7000007629395	-13.6000003814697	7.40000009536743	11	-11.5	-17.1000003814697	16	-24.2999992370605	-31.7999992370605	-30.7999992370605	10.3999996185303	15.8999996185303	17.3999996185303	40.0999984741211	69.8000030517578
59	NA	NA	NA	NA	NA	NA	NA	NA	NA	NA	NA	NA	NA	NA	NA	NA	NA	NA	NA	NA	NA	NA	NA	NA	NA	NA	NA	NA	NA	NA	NA	NA	NA	NA	NA	NA	NA	NA	NA	NA	NA	NA	NA	NA	NA	NA	NA	NA	NA	NA	NA	NA	NA	NA	NA	NA	NA	NA	-9.69999980926514	38.5999984741211	13	-42.4000015258789	-37.9000015258789	15.8000001907349	-31.7999992370605	11.6999998092651	-21.7000007629395	-32.7999992370605	12.5	-32.2999992370605	7.45000004768372	7.94999980926514	-10.1999998092651	10.3999996185303	-32.3500003814697	19	-23.7000007629395	17.5	-13.6000003814697	-11.6000003814697	13.9499998092651	0.200000047683716	-8.15000009536743	15.8999996185303	16.3499994277954	-24.2000007629395	-11.3499999046326	10.6999998092651	-20.7000007629395	-25.7000007629395	11.5	11.1000003814697	-6.09999990463257	10.1999998092651	9.09999990463257	-18.6000003814697	-11.1000003814697	14.8000001907349	17.25	12.1999998092651	-10.9500002861023	-10.8999996185303	-10.7000002861023	13.5	-21.2000007629395	-19.6000003814697	-11.1000003814697	-7.59999990463257	-17.6500005722046	13.1999998092651	8.05000019073486	0
60	NA	NA	NA	NA	NA	NA	NA	NA	NA	NA	NA	NA	NA	NA	NA	NA	NA	NA	NA	NA	NA	NA	NA	NA	NA	NA	NA	NA	NA	NA	NA	NA	NA	NA	NA	NA	NA	NA	NA	NA	NA	NA	NA	NA	NA	NA	NA	NA	NA	NA	NA	NA	NA	NA	NA	NA	NA	NA	NA	7.09999990463257	-25.7999992370605	-54.5	-54	9.69999980926514	-28.7000007629395	13.5	8.75	-17.1000003814697	11.8000001907349	-39.9000015258789	-14.8999996185303	-10.6000003814697	-17.6000003814697	12.5	-21.7000007629395	11	-15.1000003814697	18	-15.7000002861023	-21.7000007629395	8.10000038146973	11	-13.1000003814697	-25.7999992370605	-12.3499999046326	-30.8999996185303	-19.2000007629395	-10.1000003814697	8.19999980926514	17.5	13.6999998092651	26.6499996185303	14.6500000953674	13.9499998092651	-12.8999996185303	-12.6000003814697	-19.6000003814697	-22.5999994277954	-21.7000007629395	-14.6000003814697	9.80000019073486	-33.6000003814697	-29.7999992370605	-11.1000003814697	-14.6500000953674	-16.1000003814697	-8.5	-9.90000009536743	14.5	-14.6000003814697	-23.3000001907349	0
61	NA	NA	NA	NA	NA	NA	NA	NA	NA	NA	NA	NA	NA	NA	NA	NA	NA	NA	NA	NA	NA	NA	NA	NA	NA	NA	NA	NA	NA	NA	NA	NA	NA	NA	NA	NA	NA	NA	NA	NA	NA	NA	NA	NA	NA	NA	NA	NA	NA	NA	NA	NA	NA	NA	NA	NA	NA	NA	NA	NA	13	-20.7000007629395	-42.9000015258789	9.19999980926514	19	9.60000038146973	-18.7000007629395	14.5	11	8.59999990463257	9	9	9.75	9.60000038146973	11.1999998092651	10.8999996185303	12	12	13.1500000953674	11.5	10.3999996185303	12.4499998092651	9.84999990463257	12.6500000953674	6.95000004768372	9.69999980926514	8.5	8.80000019073486	11.1999998092651	14.25	10.6999998092651	11.6999998092651	10.1000003814697	13	15.4499998092651	15	13	10.5	10.6999998092651	-8.30000019073486	11.5	-9.30000019073486	-9.09999990463257	8.44999980926514	-8.19999980926514	9.69999980926514	9	-5.84999990463257	-8.34999990463257	-11.5	10.6000003814697	0
62	NA	NA	NA	NA	NA	NA	NA	NA	NA	NA	NA	NA	NA	NA	NA	NA	NA	NA	NA	NA	NA	NA	NA	NA	NA	NA	NA	NA	NA	NA	NA	NA	NA	NA	NA	NA	NA	NA	NA	NA	NA	NA	NA	NA	NA	NA	NA	NA	NA	NA	NA	NA	NA	NA	NA	NA	NA	NA	NA	NA	NA	26.1000003814697	10.8000001907349	8.19999980926514	52.7000007629395	-21.7000007629395	-11.8000001907349	51.7000007629395	-26.3999996185303	55.2000007629395	33.5999984741211	-10.25	18	15	38.0999984741211	15.9499998092651	36.5999984741211	-11.3000001907349	30.6000003814697	31.6000003814697	7.14999985694885	30	27.1000003814697	34.5999984741211	10.5	36.0999984741211	32.0999984741211	-28.7000007629395	27.6000003814697	14.5	-30.7999992370605	-15.6000003814697	9.30000019073486	12.8999996185303	13.8000001907349	21.3999996185303	32.3499984741211	28.6000003814697	30.1000003814697	13.8499999046326	7.70000004768372	15.6999998092651	21.3999996185303	14.3000001907349	23.6000003814697	-14.8000001907349	-7.54999995231628	-14.1000003814697	9.54999971389771	6.29999995231628	-19.7000007629395	0
63	NA	NA	NA	NA	NA	NA	NA	NA	NA	NA	NA	NA	NA	NA	NA	NA	NA	NA	NA	NA	NA	NA	NA	NA	NA	NA	NA	NA	NA	NA	NA	NA	NA	NA	NA	NA	NA	NA	NA	NA	NA	NA	NA	NA	NA	NA	NA	NA	NA	NA	NA	NA	NA	NA	NA	NA	NA	NA	NA	NA	NA	NA	28.1000003814697	-12.6999998092651	40.5999984741211	-23.7000007629395	-26.2999992370605	41.5999984741211	-22.2999992370605	49.8999996185303	32.0999984741211	23.1000003814697	36.5999984741211	11.1999998092651	35.0999984741211	9.94999980926514	37.5999984741211	10.8000001907349	30.6000003814697	24.3000001907349	7.69999980926514	18	17.7999992370605	31.6000003814697	9.94999980926514	43.6499996185303	26	-20.7000007629395	38.0999984741211	33.0999984741211	-17.7000007629395	-21.3499994277954	9.39999961853027	7.35000014305115	22.1000003814697	-12.6999998092651	16.8999996185303	-9.90000009536743	17.5	17	-15.3000001907349	27.8500003814697	36.0499992370605	8.80000019073486	24.6000003814697	20.4499998092651	17	-8.10000038146973	20.5	18.6499996185303	14	0
64	NA	NA	NA	NA	NA	NA	NA	NA	NA	NA	NA	NA	NA	NA	NA	NA	NA	NA	NA	NA	NA	NA	NA	NA	NA	NA	NA	NA	NA	NA	NA	NA	NA	NA	NA	NA	NA	NA	NA	NA	NA	NA	NA	NA	NA	NA	NA	NA	NA	NA	NA	NA	NA	NA	NA	NA	NA	NA	NA	NA	NA	NA	NA	11.3999996185303	8.19999980926514	-16.2999992370605	-24.7000007629395	-14.1999998092651	15.8000001907349	-12.3999996185303	-9.80000019073486	-11.6500000953674	-11.1999998092651	9.30000019073486	-10.8999996185303	13	-11.1000003814697	11.6000003814697	-12.8000001907349	-12.1999998092651	9.30000019073486	-17.4000005722046	-13.8999996185303	-15.6000003814697	-9.39999961853027	-13.1999998092651	-17.6000003814697	14	8.05000019073486	10.1000003814697	11.3999996185303	11.8000001907349	-9.44999980926514	-10.8000001907349	-13.9500002861023	-14.6999998092651	-20.5500001907349	-16.6000003814697	7.19999980926514	9.5	8.69999980926514	13.1000003814697	-10.3000001907349	12	-11.8999996185303	-7.15000009536743	12.3499999046326	13.2000002861023	7.79999995231628	7.90000009536743	8.19999980926514	0
65	NA	NA	NA	NA	NA	NA	NA	NA	NA	NA	NA	NA	NA	NA	NA	NA	NA	NA	NA	NA	NA	NA	NA	NA	NA	NA	NA	NA	NA	NA	NA	NA	NA	NA	NA	NA	NA	NA	NA	NA	NA	NA	NA	NA	NA	NA	NA	NA	NA	NA	NA	NA	NA	NA	NA	NA	NA	NA	NA	NA	NA	NA	NA	NA	24.1000003814697	-21.7999992370605	26.2999992370605	42.7000007629395	-26.7000007629395	56.7000007629395	36.0999984741211	15.8999996185303	15.5	12.6999998092651	21.3999996185303	7.40000009536743	19	-11.3999996185303	21.1000003814697	23.8499994277954	8.80000019073486	17.5	38.0999984741211	29.1000003814697	22.6000003814697	24.1000003814697	24.6000003814697	-17.3499994277954	19	9	-21.7000007629395	-22.7000007629395	-11.1000003814697	-15.9000000953674	18.5	29.8500003814697	36.5999984741211	34.0999984741211	28.3999996185303	13.5	-11.1000003814697	25	19.6999998092651	11.4499998092651	18.5499992370605	21.1000003814697	13.6500000953674	18.5	22.6000003814697	-9.39999961853027	10.8999996185303	0
66	NA	NA	NA	NA	NA	NA	NA	NA	NA	NA	NA	NA	NA	NA	NA	NA	NA	NA	NA	NA	NA	NA	NA	NA	NA	NA	NA	NA	NA	NA	NA	NA	NA	NA	NA	NA	NA	NA	NA	NA	NA	NA	NA	NA	NA	NA	NA	NA	NA	NA	NA	NA	NA	NA	NA	NA	NA	NA	NA	NA	NA	NA	NA	NA	NA	9.10000038146973	41.5999984741211	-15.6999998092651	-18.2999992370605	-30.7999992370605	13.0500001907349	12.3999996185303	10.1999998092651	9.10000038146973	-16.7999992370605	11.1999998092651	-14.1000003814697	10.3999996185303	12	-5.90000009536743	8.10000038146973	-6.69999980926514	-10.3499999046326	-10.1999998092651	-8.10000038146973	-15.6999998092651	-16.6000003814697	11.6000003814697	-15.3999996185303	-16.7000007629395	11.5	10.6999998092651	-11.1000003814697	11.3999996185303	-7.19999980926514	-9.30000019073486	-14.3000001907349	-12.1999998092651	-6.90000009536743	6.90000009536743	10	-10.3999996185303	-11.9000000953674	9.89999961853027	-11.6000003814697	-14.8999996185303	-14.7000002861023	7.80000019073486	18.5	13.5	8.80000019073486	0
67	NA	NA	NA	NA	NA	NA	NA	NA	NA	NA	NA	NA	NA	NA	NA	NA	NA	NA	NA	NA	NA	NA	NA	NA	NA	NA	NA	NA	NA	NA	NA	NA	NA	NA	NA	NA	NA	NA	NA	NA	NA	NA	NA	NA	NA	NA	NA	NA	NA	NA	NA	NA	NA	NA	NA	NA	NA	NA	NA	NA	NA	NA	NA	NA	NA	NA	-14.3000001907349	-25.7000007629395	-48	-38.1000003814697	-22.7000007629395	22.8999996185303	14.1500000953674	11.8499999046326	-13.5	-10.8999996185303	20.4499998092651	9.60000038146973	20	17.3999996185303	12.5999999046326	18.5	23.8500003814697	33.0999984741211	10	25.6000003814697	19.5	7.09999990463257	-10.5	9.5	-14.75	9.79999971389771	-14.25	10.5	-10.1999998092651	16.2000007629395	16.5	22.6000003814697	31.1000003814697	10.6999998092651	11.1499996185303	15.6999998092651	13.3999996185303	-15.6000003814697	0	8.19999980926514	-10.3499999046326	-9.80000019073486	15.1999998092651	-11.8500003814697	-18.3499994277954	0
68	NA	NA	NA	NA	NA	NA	NA	NA	NA	NA	NA	NA	NA	NA	NA	NA	NA	NA	NA	NA	NA	NA	NA	NA	NA	NA	NA	NA	NA	NA	NA	NA	NA	NA	NA	NA	NA	NA	NA	NA	NA	NA	NA	NA	NA	NA	NA	NA	NA	NA	NA	NA	NA	NA	NA	NA	NA	NA	NA	NA	NA	NA	NA	NA	NA	NA	NA	29.6000003814697	-26.2000007629395	34.5999984741211	21.3999996185303	32	34.5	17	10.0999999046326	-7	25.7999992370605	-13.6999998092651	20.1499996185303	33.0999984741211	14.3999996185303	25.6000003814697	37.5999984741211	42.0999984741211	16.7000007629395	33.5999984741211	39.75	-17.6000003814697	22.5500001907349	16	-24.2000007629395	-18.5	-12.6000003814697	-8.05000019073486	15.6999998092651	32	34.0999984741211	31.7999992370605	31.6000003814697	24.1000003814697	10.4000000953674	13.7999997138977	5.95000004768372	-12.4000000953674	15	22.3999996185303	13.5	6.5	12.5999999046326	9	-14.1499996185303	0
69	NA	NA	NA	NA	NA	NA	NA	NA	NA	NA	NA	NA	NA	NA	NA	NA	NA	NA	NA	NA	NA	NA	NA	NA	NA	NA	NA	NA	NA	NA	NA	NA	NA	NA	NA	NA	NA	NA	NA	NA	NA	NA	NA	NA	NA	NA	NA	NA	NA	NA	NA	NA	NA	NA	NA	NA	NA	NA	NA	NA	NA	NA	NA	NA	NA	NA	NA	NA	12	-40.9000015258789	-40.9000015258789	-19.6000003814697	-18.2000007629395	11.3999996185303	-18.1000003814697	13.8999996185303	-17.7000007629395	15.3999996185303	-19.2000007629395	-20.7000007629395	9.10000038146973	-17.6000003814697	-12.6999998092651	-13.6000003814697	-16.2000007629395	-26.8999996185303	-18.8499994277954	14.5	-11.1999998092651	-12.1999998092651	13.6999998092651	12.5	9.89999961853027	11.8999996185303	9.44999980926514	-8.30000019073486	-18.6000003814697	-18.3999996185303	-11.3999996185303	-10.1999998092651	6.19999980926514	-18.7999992370605	-15.3000001907349	12.3000001907349	13.6999998092651	14.8999996185303	10.1999998092651	-11.3000001907349	-16.75	-9.10000038146973	9.5	0
70	NA	NA	NA	NA	NA	NA	NA	NA	NA	NA	NA	NA	NA	NA	NA	NA	NA	NA	NA	NA	NA	NA	NA	NA	NA	NA	NA	NA	NA	NA	NA	NA	NA	NA	NA	NA	NA	NA	NA	NA	NA	NA	NA	NA	NA	NA	NA	NA	NA	NA	NA	NA	NA	NA	NA	NA	NA	NA	NA	NA	NA	NA	NA	NA	NA	NA	NA	NA	NA	29.6000003814697	18.7999992370605	-12.9499998092651	14.5	19.5	26	17.5	31.6000003814697	-15.8000001907349	19.5	26.5	13	37.3499984741211	21.4499998092651	29.8000001907349	6.19999980926514	38.5	37.5999984741211	-23.0500001907349	16.4499998092651	21	-26.7000007629395	-27.2999992370605	15	12.8999996185303	25.25	22.1000003814697	23	24.1000003814697	29.6000003814697	17	17.6000003814697	21.25	14.5	-13.1000003814697	29.6000003814697	16.1999998092651	12.1999998092651	-13.8000001907349	18.5499992370605	-10	9.60000038146973	0
71	NA	NA	NA	NA	NA	NA	NA	NA	NA	NA	NA	NA	NA	NA	NA	NA	NA	NA	NA	NA	NA	NA	NA	NA	NA	NA	NA	NA	NA	NA	NA	NA	NA	NA	NA	NA	NA	NA	NA	NA	NA	NA	NA	NA	NA	NA	NA	NA	NA	NA	NA	NA	NA	NA	NA	NA	NA	NA	NA	NA	NA	NA	NA	NA	NA	NA	NA	NA	NA	NA	13.5	22.1000003814697	8.89999961853027	-8.39999961853027	23.25	10.8000001907349	23.5	-10.1000003814697	12	13.3999996185303	-8.30000019073486	20	14.4499998092651	11.9499998092651	11.8999996185303	23.1000003814697	16	-9.80000019073486	12	13.7999997138977	9.75	-7.80000019073486	8.40000009536743	-9.89999961853027	18.5	9.60000038146973	16	16.5	11.0500001907349	10.6999998092651	10.8000001907349	9.44999980926514	9.30000019073486	11.3000001907349	26.5500001907349	7.90000009536743	-16.6000003814697	-12.1000003814697	11.1999998092651	9	-9.89999961853027	5.80000019073486
72	NA	NA	NA	NA	NA	NA	NA	NA	NA	NA	NA	NA	NA	NA	NA	NA	NA	NA	NA	NA	NA	NA	NA	NA	NA	NA	NA	NA	NA	NA	NA	NA	NA	NA	NA	NA	NA	NA	NA	NA	NA	NA	NA	NA	NA	NA	NA	NA	NA	NA	NA	NA	NA	NA	NA	NA	NA	NA	NA	NA	NA	NA	NA	NA	NA	NA	NA	NA	NA	NA	NA	9.10000038146973	-19.7000007629395	-11.3999996185303	33.5999984741211	-10.5999999046326	22.5	15.3999996185303	18.75	15.1999998092651	-9.55000019073486	-17.1000003814697	-9.5	24.5	14.3499999046326	23.5	11	-9.5	14.8499999046326	-8.60000038146973	-18.3000001907349	-9.65000009536743	12.8999996185303	9.84999990463257	23.1000003814697	10.8000001907349	28.8500003814697	19.75	-17.8499994277954	12.5	-12.6000003814697	11	11.1999998092651	9.29999971389771	19	17.5	-22.8999996185303	19	10.4499998092651	-9.60000038146973	9.55000019073486	25.75
73	NA	NA	NA	NA	NA	NA	NA	NA	NA	NA	NA	NA	NA	NA	NA	NA	NA	NA	NA	NA	NA	NA	NA	NA	NA	NA	NA	NA	NA	NA	NA	NA	NA	NA	NA	NA	NA	NA	NA	NA	NA	NA	NA	NA	NA	NA	NA	NA	NA	NA	NA	NA	NA	NA	NA	NA	NA	NA	NA	NA	NA	NA	NA	NA	NA	NA	NA	NA	NA	NA	NA	NA	11.1999998092651	12.5	36.0999984741211	-13.1500000953674	16.5	-12.6000003814697	36.0999984741211	10.5	11.25	23	16.5	14.5999999046326	11.25	25.8500003814697	14.5	-19.2000007629395	23.8999996185303	11.4499998092651	-22.2000007629395	6.40000009536743	10	-7.40000009536743	21.7999992370605	7.79999995231628	23.8999996185303	19	33.5999984741211	14.3499999046326	-16.1000003814697	31.6000003814697	27	11.3000001907349	11	14	12.1999998092651	18.3999996185303	-12.1999998092651	-15.6000003814697	11.8999996185303	22.6000003814697
74	NA	NA	NA	NA	NA	NA	NA	NA	NA	NA	NA	NA	NA	NA	NA	NA	NA	NA	NA	NA	NA	NA	NA	NA	NA	NA	NA	NA	NA	NA	NA	NA	NA	NA	NA	NA	NA	NA	NA	NA	NA	NA	NA	NA	NA	NA	NA	NA	NA	NA	NA	NA	NA	NA	NA	NA	NA	NA	NA	NA	NA	NA	NA	NA	NA	NA	NA	NA	NA	NA	NA	NA	NA	11.5	-12.3000001907349	11.8000001907349	-9.5	11	6.69999980926514	6.59999990463257	9	11.1999998092651	8.39999961853027	7.30000019073486	9.19999980926514	10.5	7.90000009536743	10	12.3000001907349	10.3999996185303	11	11.3999996185303	8.39999961853027	7.09999990463257	-9.30000019073486	9.19999980926514	14.8999996185303	9.5	11.8999996185303	9.89999961853027	9.60000038146973	-8.10000038146973	-8.69999980926514	9.10000038146973	-6.69999980926514	9.44999980926514	12	10.3000001907349	-8.55000019073486	10.3999996185303	12.3499999046326	-13.3000001907349
75	NA	NA	NA	NA	NA	NA	NA	NA	NA	NA	NA	NA	NA	NA	NA	NA	NA	NA	NA	NA	NA	NA	NA	NA	NA	NA	NA	NA	NA	NA	NA	NA	NA	NA	NA	NA	NA	NA	NA	NA	NA	NA	NA	NA	NA	NA	NA	NA	NA	NA	NA	NA	NA	NA	NA	NA	NA	NA	NA	NA	NA	NA	NA	NA	NA	NA	NA	NA	NA	NA	NA	NA	NA	NA	16.5	21	29.6000003814697	9.5	32.0999984741211	33.0999984741211	12.5	25.3500003814697	26.8000001907349	34.5999984741211	25.5500001907349	36.8499984741211	27.1000003814697	-17.7999992370605	-18.1500005722046	-12.25	-35.7999992370605	-25.2000007629395	-9.69999980926514	8.5	15.8000001907349	30.1000003814697	31.5999994277954	33.5	34.5999984741211	19.5	13	31.6000003814697	21.6499996185303	-12.6000003814697	18.5	27.6000003814697	29	-8.80000019073486	-7.09999990463257	10.6999998092651	13.1999998092651	0
76	NA	NA	NA	NA	NA	NA	NA	NA	NA	NA	NA	NA	NA	NA	NA	NA	NA	NA	NA	NA	NA	NA	NA	NA	NA	NA	NA	NA	NA	NA	NA	NA	NA	NA	NA	NA	NA	NA	NA	NA	NA	NA	NA	NA	NA	NA	NA	NA	NA	NA	NA	NA	NA	NA	NA	NA	NA	NA	NA	NA	NA	NA	NA	NA	NA	NA	NA	NA	NA	NA	NA	NA	NA	NA	NA	12.3000001907349	-20.7999992370605	11.1999998092651	-21.2000007629395	14.8999996185303	10.1999998092651	7.5	6.59999990463257	-11	11.1999998092651	-17.7000007629395	13.4499998092651	14.3000001907349	-9.10000038146973	-9.80000019073486	15.3999996185303	13.8000001907349	-8.69999980926514	6.19999980926514	10.1999998092651	-8.19999980926514	-10.7999997138977	8.5	12.5999999046326	12.1999998092651	9.30000019073486	-6.5	7.94999980926514	11.9499998092651	10	14.25	17.5	10.6999998092651	6.90000009536743	13.5	9.80000019073486	0
77	NA	NA	NA	NA	NA	NA	NA	NA	NA	NA	NA	NA	NA	NA	NA	NA	NA	NA	NA	NA	NA	NA	NA	NA	NA	NA	NA	NA	NA	NA	NA	NA	NA	NA	NA	NA	NA	NA	NA	NA	NA	NA	NA	NA	NA	NA	NA	NA	NA	NA	NA	NA	NA	NA	NA	NA	NA	NA	NA	NA	NA	NA	NA	NA	NA	NA	NA	NA	NA	NA	NA	NA	NA	NA	NA	NA	15.5	26.5	7.80000019073486	28.6000003814697	11.1999998092651	28	17	15	12.5	22.7999992370605	29.6000003814697	-22.7000007629395	18.5	13.5	-24.7000007629395	-21.2000007629395	7.5	-7.40000009536743	23.1000003814697	15.3999996185303	27.1000003814697	27.6000003814697	20.5	15.4499998092651	-8.69999980926514	16.9499998092651	-10.3000001907349	-10.1000003814697	23.1000003814697	10.3000001907349	10.5	10.6999998092651	22.5	11	-9.89999961853027	49.7000007629395
78	NA	NA	NA	NA	NA	NA	NA	NA	NA	NA	NA	NA	NA	NA	NA	NA	NA	NA	NA	NA	NA	NA	NA	NA	NA	NA	NA	NA	NA	NA	NA	NA	NA	NA	NA	NA	NA	NA	NA	NA	NA	NA	NA	NA	NA	NA	NA	NA	NA	NA	NA	NA	NA	NA	NA	NA	NA	NA	NA	NA	NA	NA	NA	NA	NA	NA	NA	NA	NA	NA	NA	NA	NA	NA	NA	NA	NA	11.3999996185303	9.80000019073486	41.7000007629395	16.5	16.5	16	7.09999990463257	-11.1000003814697	-21.25	-8.69999980926514	16	-10.3999996185303	7.69999980926514	15	14.6999998092651	8.69999980926514	6.40000009536743	7.09999990463257	-13.6000003814697	11.5	-10.5	14	-10.6000003814697	12.1999998092651	-10.8000001907349	-12.6500000953674	16	-11.1999998092651	7.64999985694885	9.09999990463257	-7.45000004768372	-12.8999996185303	7.19999980926514	12.75	-13.8999996185303
79	NA	NA	NA	NA	NA	NA	NA	NA	NA	NA	NA	NA	NA	NA	NA	NA	NA	NA	NA	NA	NA	NA	NA	NA	NA	NA	NA	NA	NA	NA	NA	NA	NA	NA	NA	NA	NA	NA	NA	NA	NA	NA	NA	NA	NA	NA	NA	NA	NA	NA	NA	NA	NA	NA	NA	NA	NA	NA	NA	NA	NA	NA	NA	NA	NA	NA	NA	NA	NA	NA	NA	NA	NA	NA	NA	NA	NA	NA	26.1000003814697	-45.9000015258789	-40.9000015258789	30.5500001907349	25.1999998092651	39.0999984741211	9.94999980926514	46.2000007629395	-12.1000003814697	-25.2000007629395	16.5	28.6000003814697	-8.5	-12.3999996185303	-13.3999996185303	-15.6000003814697	5.59999990463257	11.1999998092651	34	19	13.3000001907349	7.75	-14.6000003814697	29	30.6000003814697	-17.2000007629395	18.5	12	15	7.5	30	15.5	19.3499994277954	13.5
80	NA	NA	NA	NA	NA	NA	NA	NA	NA	NA	NA	NA	NA	NA	NA	NA	NA	NA	NA	NA	NA	NA	NA	NA	NA	NA	NA	NA	NA	NA	NA	NA	NA	NA	NA	NA	NA	NA	NA	NA	NA	NA	NA	NA	NA	NA	NA	NA	NA	NA	NA	NA	NA	NA	NA	NA	NA	NA	NA	NA	NA	NA	NA	NA	NA	NA	NA	NA	NA	NA	NA	NA	NA	NA	NA	NA	NA	NA	NA	14.8000001907349	-17.7000007629395	27	29.6000003814697	24.1000003814697	17	23.6000003814697	11.6999998092651	-27.2000007629395	10.3000001907349	25.3000001907349	-8.5	-9.80000019073486	-10.6000003814697	-16.7999992370605	10.75	-8.60000038146973	26.6000003814697	17.7999992370605	14.8000001907349	10.6999998092651	-9.44999980926514	10.5	19.6999998092651	-9.10000038146973	19.1999998092651	6.59999990463257	-7.45000004768372	8.89999961853027	12.4499998092651	8.5	9.30000019073486	9.89999961853027
81	NA	NA	NA	NA	NA	NA	NA	NA	NA	NA	NA	NA	NA	NA	NA	NA	NA	NA	NA	NA	NA	NA	NA	NA	NA	NA	NA	NA	NA	NA	NA	NA	NA	NA	NA	NA	NA	NA	NA	NA	NA	NA	NA	NA	NA	NA	NA	NA	NA	NA	NA	NA	NA	NA	NA	NA	NA	NA	NA	NA	NA	NA	NA	NA	NA	NA	NA	NA	NA	NA	NA	NA	NA	NA	NA	NA	NA	NA	NA	NA	13	10.6999998092651	-17.2999992370605	-38.7999992370605	11.8999996185303	19.5	26.5	22	-7.5	-8.15000009536743	5.34999990463257	10.8000001907349	13	12.1999998092651	-8.75	-10.3999996185303	5.40000009536743	-11.6999998092651	-7.40000009536743	8.60000038146973	11.5	-12.1000003814697	-9.60000038146973	10.5	-10.6500000953674	-8.55000019073486	-9.39999961853027	6.80000019073486	7	6.69999980926514	10.8999996185303	18
82	NA	NA	NA	NA	NA	NA	NA	NA	NA	NA	NA	NA	NA	NA	NA	NA	NA	NA	NA	NA	NA	NA	NA	NA	NA	NA	NA	NA	NA	NA	NA	NA	NA	NA	NA	NA	NA	NA	NA	NA	NA	NA	NA	NA	NA	NA	NA	NA	NA	NA	NA	NA	NA	NA	NA	NA	NA	NA	NA	NA	NA	NA	NA	NA	NA	NA	NA	NA	NA	NA	NA	NA	NA	NA	NA	NA	NA	NA	NA	NA	NA	22.6000003814697	-16.2000007629395	-48.9000015258789	-41.9000015258789	27.9499998092651	22.7999992370605	33.5	19.8999996185303	21.5	11.8000001907349	-8.5	-17.0500001907349	-20.2000007629395	-28.2000007629395	-16.3499994277954	-10.8499999046326	14.8000001907349	27.0500001907349	16.8499994277954	-13.6999998092651	12.3999996185303	15.0499997138977	10.1000003814697	14.3999996185303	-13.5	-8.39999961853027	-16.3500003814697	24.6000003814697	15	15.1999998092651	11.1500000953674
83	NA	NA	NA	NA	NA	NA	NA	NA	NA	NA	NA	NA	NA	NA	NA	NA	NA	NA	NA	NA	NA	NA	NA	NA	NA	NA	NA	NA	NA	NA	NA	NA	NA	NA	NA	NA	NA	NA	NA	NA	NA	NA	NA	NA	NA	NA	NA	NA	NA	NA	NA	NA	NA	NA	NA	NA	NA	NA	NA	NA	NA	NA	NA	NA	NA	NA	NA	NA	NA	NA	NA	NA	NA	NA	NA	NA	NA	NA	NA	NA	NA	NA	17.7999992370605	-18.6000003814697	-34.7999992370605	-16.6000003814697	-14.8999996185303	20.5	26.1000003814697	24.1000003814697	16.8999996185303	11.6999998092651	-13.6000003814697	-23.75	-13.6000003814697	-15.1999998092651	15.4499998092651	18.5	23.25	12.3000001907349	-13.1000003814697	17.5	20.4499998092651	-10.8000001907349	21	20.1499996185303	12.25	6.80000019073486	14.9499998092651	14.5	8	-12.3999996185303
84	NA	NA	NA	NA	NA	NA	NA	NA	NA	NA	NA	NA	NA	NA	NA	NA	NA	NA	NA	NA	NA	NA	NA	NA	NA	NA	NA	NA	NA	NA	NA	NA	NA	NA	NA	NA	NA	NA	NA	NA	NA	NA	NA	NA	NA	NA	NA	NA	NA	NA	NA	NA	NA	NA	NA	NA	NA	NA	NA	NA	NA	NA	NA	NA	NA	NA	NA	NA	NA	NA	NA	NA	NA	NA	NA	NA	NA	NA	NA	NA	NA	NA	NA	22.6000003814697	13.3999996185303	-10.1999998092651	-26.7000007629395	-34.1000003814697	29.1000003814697	29.5	10.1999998092651	8.44999980926514	-21.8499994277954	-21.7000007629395	13.3999996185303	-15.6999998092651	30.6000003814697	16.5	25.1000003814697	10.6999998092651	-14.6000003814697	30.6000003814697	21.25	7.40000009536743	23.5500001907349	24.1000003814697	18	-9.60000038146973	20.1999998092651	13.5	15	19.8999996185303
85	NA	NA	NA	NA	NA	NA	NA	NA	NA	NA	NA	NA	NA	NA	NA	NA	NA	NA	NA	NA	NA	NA	NA	NA	NA	NA	NA	NA	NA	NA	NA	NA	NA	NA	NA	NA	NA	NA	NA	NA	NA	NA	NA	NA	NA	NA	NA	NA	NA	NA	NA	NA	NA	NA	NA	NA	NA	NA	NA	NA	NA	NA	NA	NA	NA	NA	NA	NA	NA	NA	NA	NA	NA	NA	NA	NA	NA	NA	NA	NA	NA	NA	NA	NA	15.5	-11.1000003814697	-31.2999992370605	-29.7999992370605	37.0999984741211	35.5999984741211	21.9499998092651	11.1000003814697	-11.1500000953674	10.8000001907349	11.8999996185303	10.8999996185303	-7.95000004768372	12.8000001907349	-8.80000019073486	8.39999961853027	12.6999998092651	-6.34999990463257	9.80000019073486	10	20.2999992370605	16	14.5999999046326	13.3999996185303	-14.6000003814697	-12	-16.2999992370605	-19.6500005722046
86	NA	NA	NA	NA	NA	NA	NA	NA	NA	NA	NA	NA	NA	NA	NA	NA	NA	NA	NA	NA	NA	NA	NA	NA	NA	NA	NA	NA	NA	NA	NA	NA	NA	NA	NA	NA	NA	NA	NA	NA	NA	NA	NA	NA	NA	NA	NA	NA	NA	NA	NA	NA	NA	NA	NA	NA	NA	NA	NA	NA	NA	NA	NA	NA	NA	NA	NA	NA	NA	NA	NA	NA	NA	NA	NA	NA	NA	NA	NA	NA	NA	NA	NA	NA	NA	35.0999984741211	-15.6999998092651	-46.9000015258789	22.5	-9.10000038146973	-35.7999992370605	-23.5500001907349	-24.2999992370605	-24.7999992370605	32	13	43.3999996185303	26.3999996185303	45.8999996185303	11.9000000953674	-15.6999998092651	38.0999984741211	37.0999984741211	-18.25	27.1000003814697	28.1000003814697	40.0999984741211	14.5	11.5	13	29.5	17
87	NA	NA	NA	NA	NA	NA	NA	NA	NA	NA	NA	NA	NA	NA	NA	NA	NA	NA	NA	NA	NA	NA	NA	NA	NA	NA	NA	NA	NA	NA	NA	NA	NA	NA	NA	NA	NA	NA	NA	NA	NA	NA	NA	NA	NA	NA	NA	NA	NA	NA	NA	NA	NA	NA	NA	NA	NA	NA	NA	NA	NA	NA	NA	NA	NA	NA	NA	NA	NA	NA	NA	NA	NA	NA	NA	NA	NA	NA	NA	NA	NA	NA	NA	NA	NA	NA	14.6999998092651	16	31.1000003814697	29.1000003814697	-31.7999992370605	-24.7999992370605	16.7000007629395	23.1000003814697	27.1000003814697	22.9499998092651	22.6000003814697	16.7999992370605	25.5	11	-13.6999998092651	-13.1999998092651	-13.4500002861023	-11.8000001907349	19.5	7.09999990463257	15.5	12.3999996185303	-10.1999998092651	5.65000009536743	8.95000028610229	10.8000001907349
88	NA	NA	NA	NA	NA	NA	NA	NA	NA	NA	NA	NA	NA	NA	NA	NA	NA	NA	NA	NA	NA	NA	NA	NA	NA	NA	NA	NA	NA	NA	NA	NA	NA	NA	NA	NA	NA	NA	NA	NA	NA	NA	NA	NA	NA	NA	NA	NA	NA	NA	NA	NA	NA	NA	NA	NA	NA	NA	NA	NA	NA	NA	NA	NA	NA	NA	NA	NA	NA	NA	NA	NA	NA	NA	NA	NA	NA	NA	NA	NA	NA	NA	NA	NA	NA	NA	NA	9.30000019073486	25.1000003814697	25.1000003814697	6.19999980926514	-16.1000003814697	11.3000001907349	23.5	12.6999998092651	16.2000007629395	-18.5500001907349	-13.6000003814697	-25.7999992370605	-10.5500001907349	13	-19.2000007629395	-20.7000007629395	14.4499998092651	-25.7000007629395	-23.4500007629395	-25.7000007629395	-12.1000003814697	-13.6999998092651	-13.6500000953674	-11.75	24.1000003814697
89	NA	NA	NA	NA	NA	NA	NA	NA	NA	NA	NA	NA	NA	NA	NA	NA	NA	NA	NA	NA	NA	NA	NA	NA	NA	NA	NA	NA	NA	NA	NA	NA	NA	NA	NA	NA	NA	NA	NA	NA	NA	NA	NA	NA	NA	NA	NA	NA	NA	NA	NA	NA	NA	NA	NA	NA	NA	NA	NA	NA	NA	NA	NA	NA	NA	NA	NA	NA	NA	NA	NA	NA	NA	NA	NA	NA	NA	NA	NA	NA	NA	NA	NA	NA	NA	NA	NA	NA	9.89999961853027	20	-36.4000015258789	-46.9000015258789	-12.1999998092651	18.5	32.2999992370605	41.7000007629395	41.7000007629395	40.0999984741211	37.0999984741211	22.1000003814697	16	10.8000001907349	-13.6999998092651	8.30000019073486	-15.3499994277954	-13.7000002861023	-8.60000038146973	14	-10.8000001907349	18.7999992370605	21.6000003814697	0
90	NA	NA	NA	NA	NA	NA	NA	NA	NA	NA	NA	NA	NA	NA	NA	NA	NA	NA	NA	NA	NA	NA	NA	NA	NA	NA	NA	NA	NA	NA	NA	NA	NA	NA	NA	NA	NA	NA	NA	NA	NA	NA	NA	NA	NA	NA	NA	NA	NA	NA	NA	NA	NA	NA	NA	NA	NA	NA	NA	NA	NA	NA	NA	NA	NA	NA	NA	NA	NA	NA	NA	NA	NA	NA	NA	NA	NA	NA	NA	NA	NA	NA	NA	NA	NA	NA	NA	NA	NA	15	-30.2999992370605	-35.7999992370605	10.1999998092651	25.6000003814697	34.2999992370605	36.5999984741211	35.8499984741211	28.1000003814697	30.8500003814697	19.2999992370605	22.1000003814697	34.5999984741211	12.9499998092651	-9.60000038146973	9.39999961853027	-22.25	-27.7000007629395	-12.6000003814697	19.5	9.39999961853027	13.3999996185303	0
91	NA	NA	NA	NA	NA	NA	NA	NA	NA	NA	NA	NA	NA	NA	NA	NA	NA	NA	NA	NA	NA	NA	NA	NA	NA	NA	NA	NA	NA	NA	NA	NA	NA	NA	NA	NA	NA	NA	NA	NA	NA	NA	NA	NA	NA	NA	NA	NA	NA	NA	NA	NA	NA	NA	NA	NA	NA	NA	NA	NA	NA	NA	NA	NA	NA	NA	NA	NA	NA	NA	NA	NA	NA	NA	NA	NA	NA	NA	NA	NA	NA	NA	NA	NA	NA	NA	NA	NA	NA	NA	-8.30000019073486	31.5	-15.6000003814697	-27.7000007629395	-30.2999992370605	-20.9499998092651	-37.4000015258789	-21.7000007629395	-21	8.80000019073486	-8.30000019073486	-14.5	-15.6000003814697	9.60000038146973	-25.3999996185303	-14.25	11.8499999046326	9.5	-11.6000003814697	-6.09999990463257	-13.6000003814697	0
92	NA	NA	NA	NA	NA	NA	NA	NA	NA	NA	NA	NA	NA	NA	NA	NA	NA	NA	NA	NA	NA	NA	NA	NA	NA	NA	NA	NA	NA	NA	NA	NA	NA	NA	NA	NA	NA	NA	NA	NA	NA	NA	NA	NA	NA	NA	NA	NA	NA	NA	NA	NA	NA	NA	NA	NA	NA	NA	NA	NA	NA	NA	NA	NA	NA	NA	NA	NA	NA	NA	NA	NA	NA	NA	NA	NA	NA	NA	NA	NA	NA	NA	NA	NA	NA	NA	NA	NA	NA	NA	NA	-11	20	-13.6999998092651	-18.2999992370605	-8.5	-10.25	17	22.5	37.5999984741211	13	-11.8999996185303	-7	11.1999998092651	-32.7999992370605	-18.7999992370605	8.69999980926514	10.9499998092651	10.3999996185303	8.10000038146973	-8.60000038146973	21.3999996185303
93	NA	NA	NA	NA	NA	NA	NA	NA	NA	NA	NA	NA	NA	NA	NA	NA	NA	NA	NA	NA	NA	NA	NA	NA	NA	NA	NA	NA	NA	NA	NA	NA	NA	NA	NA	NA	NA	NA	NA	NA	NA	NA	NA	NA	NA	NA	NA	NA	NA	NA	NA	NA	NA	NA	NA	NA	NA	NA	NA	NA	NA	NA	NA	NA	NA	NA	NA	NA	NA	NA	NA	NA	NA	NA	NA	NA	NA	NA	NA	NA	NA	NA	NA	NA	NA	NA	NA	NA	NA	NA	NA	NA	8.19999980926514	17	-18.7000007629395	24.1000003814697	-30.5499992370605	-13.1999998092651	-22.7000007629395	21.1999998092651	33.0999984741211	14	19.1999998092651	9	-16.7000007629395	8.5	16.1499996185303	-9.89999961853027	-20.75	12.8999996185303	15.3999996185303	29.75
94	NA	NA	NA	NA	NA	NA	NA	NA	NA	NA	NA	NA	NA	NA	NA	NA	NA	NA	NA	NA	NA	NA	NA	NA	NA	NA	NA	NA	NA	NA	NA	NA	NA	NA	NA	NA	NA	NA	NA	NA	NA	NA	NA	NA	NA	NA	NA	NA	NA	NA	NA	NA	NA	NA	NA	NA	NA	NA	NA	NA	NA	NA	NA	NA	NA	NA	NA	NA	NA	NA	NA	NA	NA	NA	NA	NA	NA	NA	NA	NA	NA	NA	NA	NA	NA	NA	NA	NA	NA	NA	NA	NA	NA	-9.89999961853027	-15.6999998092651	48.7000007629395	-34.7999992370605	-9.5	-29.2000007629395	-6.5	30.1000003814697	17.5	-16.6000003814697	-7.90000009536743	-24.7000007629395	-24.7000007629395	-14.3999996185303	-10.1000003814697	10.9499998092651	-8.60000038146973	9.69999980926514	23.1000003814697
95	NA	NA	NA	NA	NA	NA	NA	NA	NA	NA	NA	NA	NA	NA	NA	NA	NA	NA	NA	NA	NA	NA	NA	NA	NA	NA	NA	NA	NA	NA	NA	NA	NA	NA	NA	NA	NA	NA	NA	NA	NA	NA	NA	NA	NA	NA	NA	NA	NA	NA	NA	NA	NA	NA	NA	NA	NA	NA	NA	NA	NA	NA	NA	NA	NA	NA	NA	NA	NA	NA	NA	NA	NA	NA	NA	NA	NA	NA	NA	NA	NA	NA	NA	NA	NA	NA	NA	NA	NA	NA	NA	NA	NA	NA	11.3000001907349	27	-36.7999992370605	-18.7000007629395	-29.7999992370605	-15.6999998092651	27.5	29.1000003814697	18.5	13.8999996185303	10.2999997138977	-14.1000003814697	19.3999996185303	15.3000001907349	-7.75	-6.90000009536743	15.3999996185303	30.6000003814697
96	NA	NA	NA	NA	NA	NA	NA	NA	NA	NA	NA	NA	NA	NA	NA	NA	NA	NA	NA	NA	NA	NA	NA	NA	NA	NA	NA	NA	NA	NA	NA	NA	NA	NA	NA	NA	NA	NA	NA	NA	NA	NA	NA	NA	NA	NA	NA	NA	NA	NA	NA	NA	NA	NA	NA	NA	NA	NA	NA	NA	NA	NA	NA	NA	NA	NA	NA	NA	NA	NA	NA	NA	NA	NA	NA	NA	NA	NA	NA	NA	NA	NA	NA	NA	NA	NA	NA	NA	NA	NA	NA	NA	NA	NA	NA	9.69999980926514	-36.7999992370605	22.5	-24.7000007629395	-30.3999996185303	15	20	17	17.2000007629395	-16.7999992370605	-8.39999961853027	11.9499998092651	11	11.9000000953674	-11.3000001907349	9.75	21
97	NA	NA	NA	NA	NA	NA	NA	NA	NA	NA	NA	NA	NA	NA	NA	NA	NA	NA	NA	NA	NA	NA	NA	NA	NA	NA	NA	NA	NA	NA	NA	NA	NA	NA	NA	NA	NA	NA	NA	NA	NA	NA	NA	NA	NA	NA	NA	NA	NA	NA	NA	NA	NA	NA	NA	NA	NA	NA	NA	NA	NA	NA	NA	NA	NA	NA	NA	NA	NA	NA	NA	NA	NA	NA	NA	NA	NA	NA	NA	NA	NA	NA	NA	NA	NA	NA	NA	NA	NA	NA	NA	NA	NA	NA	NA	NA	26.1000003814697	32.0999984741211	-11.1999998092651	-35.7999992370605	-8.39999961853027	43.2000007629395	43.8999996185303	15.5	15.5	-8	25.5	16.5	25.6000003814697	9.89999961853027	36.0999984741211	11.4499998092651
98	NA	NA	NA	NA	NA	NA	NA	NA	NA	NA	NA	NA	NA	NA	NA	NA	NA	NA	NA	NA	NA	NA	NA	NA	NA	NA	NA	NA	NA	NA	NA	NA	NA	NA	NA	NA	NA	NA	NA	NA	NA	NA	NA	NA	NA	NA	NA	NA	NA	NA	NA	NA	NA	NA	NA	NA	NA	NA	NA	NA	NA	NA	NA	NA	NA	NA	NA	NA	NA	NA	NA	NA	NA	NA	NA	NA	NA	NA	NA	NA	NA	NA	NA	NA	NA	NA	NA	NA	NA	NA	NA	NA	NA	NA	NA	NA	NA	11.5	6.69999980926514	-34.7999992370605	-17.1000003814697	26.8000001907349	16.6999998092651	19.5	-11.3999996185303	9.34999990463257	18	7.69999980926514	-6	10.5	13.3999996185303	14.3499999046326
99	NA	NA	NA	NA	NA	NA	NA	NA	NA	NA	NA	NA	NA	NA	NA	NA	NA	NA	NA	NA	NA	NA	NA	NA	NA	NA	NA	NA	NA	NA	NA	NA	NA	NA	NA	NA	NA	NA	NA	NA	NA	NA	NA	NA	NA	NA	NA	NA	NA	NA	NA	NA	NA	NA	NA	NA	NA	NA	NA	NA	NA	NA	NA	NA	NA	NA	NA	NA	NA	NA	NA	NA	NA	NA	NA	NA	NA	NA	NA	NA	NA	NA	NA	NA	NA	NA	NA	NA	NA	NA	NA	NA	NA	NA	NA	NA	NA	NA	22	-17.8999996185303	-27.2999992370605	33.5999984741211	22.8000001907349	19	18	18.6499996185303	33.5999984741211	-14.1999998092651	36.5999984741211	15	20.1499996185303	-11.6000003814697
100	NA	NA	NA	NA	NA	NA	NA	NA	NA	NA	NA	NA	NA	NA	NA	NA	NA	NA	NA	NA	NA	NA	NA	NA	NA	NA	NA	NA	NA	NA	NA	NA	NA	NA	NA	NA	NA	NA	NA	NA	NA	NA	NA	NA	NA	NA	NA	NA	NA	NA	NA	NA	NA	NA	NA	NA	NA	NA	NA	NA	NA	NA	NA	NA	NA	NA	NA	NA	NA	NA	NA	NA	NA	NA	NA	NA	NA	NA	NA	NA	NA	NA	NA	NA	NA	NA	NA	NA	NA	NA	NA	NA	NA	NA	NA	NA	NA	NA	NA	13.8999996185303	8.19999980926514	-15.6000003814697	-21.2000007629395	13.6999998092651	7.80000019073486	13.9499998092651	20	14.5	9.80000019073486	9.10000038146973	7	-12.5
101	NA	NA	NA	NA	NA	NA	NA	NA	NA	NA	NA	NA	NA	NA	NA	NA	NA	NA	NA	NA	NA	NA	NA	NA	NA	NA	NA	NA	NA	NA	NA	NA	NA	NA	NA	NA	NA	NA	NA	NA	NA	NA	NA	NA	NA	NA	NA	NA	NA	NA	NA	NA	NA	NA	NA	NA	NA	NA	NA	NA	NA	NA	NA	NA	NA	NA	NA	NA	NA	NA	NA	NA	NA	NA	NA	NA	NA	NA	NA	NA	NA	NA	NA	NA	NA	NA	NA	NA	NA	NA	NA	NA	NA	NA	NA	NA	NA	NA	NA	NA	11.3999996185303	9.39999961853027	-28.7000007629395	6.5	-18.7000007629395	-16.8999996185303	-14.4499998092651	15.8999996185303	14.5500001907349	9.80000019073486	-14.6000003814697	-8.55000019073486
102	NA	NA	NA	NA	NA	NA	NA	NA	NA	NA	NA	NA	NA	NA	NA	NA	NA	NA	NA	NA	NA	NA	NA	NA	NA	NA	NA	NA	NA	NA	NA	NA	NA	NA	NA	NA	NA	NA	NA	NA	NA	NA	NA	NA	NA	NA	NA	NA	NA	NA	NA	NA	NA	NA	NA	NA	NA	NA	NA	NA	NA	NA	NA	NA	NA	NA	NA	NA	NA	NA	NA	NA	NA	NA	NA	NA	NA	NA	NA	NA	NA	NA	NA	NA	NA	NA	NA	NA	NA	NA	NA	NA	NA	NA	NA	NA	NA	NA	NA	NA	NA	21.3999996185303	-18.7000007629395	-24.7000007629395	12	-12.1999998092651	9.80000019073486	9.75	41.2000007629395	24.4499998092651	24.1000003814697	32.0999984741211
103	NA	NA	NA	NA	NA	NA	NA	NA	NA	NA	NA	NA	NA	NA	NA	NA	NA	NA	NA	NA	NA	NA	NA	NA	NA	NA	NA	NA	NA	NA	NA	NA	NA	NA	NA	NA	NA	NA	NA	NA	NA	NA	NA	NA	NA	NA	NA	NA	NA	NA	NA	NA	NA	NA	NA	NA	NA	NA	NA	NA	NA	NA	NA	NA	NA	NA	NA	NA	NA	NA	NA	NA	NA	NA	NA	NA	NA	NA	NA	NA	NA	NA	NA	NA	NA	NA	NA	NA	NA	NA	NA	NA	NA	NA	NA	NA	NA	NA	NA	NA	NA	NA	17	23.8999996185303	12.3999996185303	-23.7000007629395	-10.6000003814697	-17.1000003814697	37.5999984741211	19.5	16.3499994277954	28.6000003814697
104	NA	NA	NA	NA	NA	NA	NA	NA	NA	NA	NA	NA	NA	NA	NA	NA	NA	NA	NA	NA	NA	NA	NA	NA	NA	NA	NA	NA	NA	NA	NA	NA	NA	NA	NA	NA	NA	NA	NA	NA	NA	NA	NA	NA	NA	NA	NA	NA	NA	NA	NA	NA	NA	NA	NA	NA	NA	NA	NA	NA	NA	NA	NA	NA	NA	NA	NA	NA	NA	NA	NA	NA	NA	NA	NA	NA	NA	NA	NA	NA	NA	NA	NA	NA	NA	NA	NA	NA	NA	NA	NA	NA	NA	NA	NA	NA	NA	NA	NA	NA	NA	NA	NA	10.6999998092651	-25.7000007629395	-21.3999996185303	-42.4000015258789	-36.2999992370605	-15.6000003814697	11	13	-11.2999997138977
105	NA	NA	NA	NA	NA	NA	NA	NA	NA	NA	NA	NA	NA	NA	NA	NA	NA	NA	NA	NA	NA	NA	NA	NA	NA	NA	NA	NA	NA	NA	NA	NA	NA	NA	NA	NA	NA	NA	NA	NA	NA	NA	NA	NA	NA	NA	NA	NA	NA	NA	NA	NA	NA	NA	NA	NA	NA	NA	NA	NA	NA	NA	NA	NA	NA	NA	NA	NA	NA	NA	NA	NA	NA	NA	NA	NA	NA	NA	NA	NA	NA	NA	NA	NA	NA	NA	NA	NA	NA	NA	NA	NA	NA	NA	NA	NA	NA	NA	NA	NA	NA	NA	NA	NA	23.6000003814697	41.2000007629395	12	-37.9000015258789	12.8499999046326	19.8999996185303	66.3000030517578	59.7000007629395
106	NA	NA	NA	NA	NA	NA	NA	NA	NA	NA	NA	NA	NA	NA	NA	NA	NA	NA	NA	NA	NA	NA	NA	NA	NA	NA	NA	NA	NA	NA	NA	NA	NA	NA	NA	NA	NA	NA	NA	NA	NA	NA	NA	NA	NA	NA	NA	NA	NA	NA	NA	NA	NA	NA	NA	NA	NA	NA	NA	NA	NA	NA	NA	NA	NA	NA	NA	NA	NA	NA	NA	NA	NA	NA	NA	NA	NA	NA	NA	NA	NA	NA	NA	NA	NA	NA	NA	NA	NA	NA	NA	NA	NA	NA	NA	NA	NA	NA	NA	NA	NA	NA	NA	NA	NA	20.3999996185303	28.1000003814697	-35.2999992370605	-18.6000003814697	-8.39999961853027	48.2000007629395	47.7000007629395
107	NA	NA	NA	NA	NA	NA	NA	NA	NA	NA	NA	NA	NA	NA	NA	NA	NA	NA	NA	NA	NA	NA	NA	NA	NA	NA	NA	NA	NA	NA	NA	NA	NA	NA	NA	NA	NA	NA	NA	NA	NA	NA	NA	NA	NA	NA	NA	NA	NA	NA	NA	NA	NA	NA	NA	NA	NA	NA	NA	NA	NA	NA	NA	NA	NA	NA	NA	NA	NA	NA	NA	NA	NA	NA	NA	NA	NA	NA	NA	NA	NA	NA	NA	NA	NA	NA	NA	NA	NA	NA	NA	NA	NA	NA	NA	NA	NA	NA	NA	NA	NA	NA	NA	NA	NA	NA	24	-16.8999996185303	31.6000003814697	16	56.7000007629395	51.7000007629395
108	NA	NA	NA	NA	NA	NA	NA	NA	NA	NA	NA	NA	NA	NA	NA	NA	NA	NA	NA	NA	NA	NA	NA	NA	NA	NA	NA	NA	NA	NA	NA	NA	NA	NA	NA	NA	NA	NA	NA	NA	NA	NA	NA	NA	NA	NA	NA	NA	NA	NA	NA	NA	NA	NA	NA	NA	NA	NA	NA	NA	NA	NA	NA	NA	NA	NA	NA	NA	NA	NA	NA	NA	NA	NA	NA	NA	NA	NA	NA	NA	NA	NA	NA	NA	NA	NA	NA	NA	NA	NA	NA	NA	NA	NA	NA	NA	NA	NA	NA	NA	NA	NA	NA	NA	NA	NA	NA	17.7999992370605	-14.8999996185303	-30.7999992370605	14	47.7000007629395
109	NA	NA	NA	NA	NA	NA	NA	NA	NA	NA	NA	NA	NA	NA	NA	NA	NA	NA	NA	NA	NA	NA	NA	NA	NA	NA	NA	NA	NA	NA	NA	NA	NA	NA	NA	NA	NA	NA	NA	NA	NA	NA	NA	NA	NA	NA	NA	NA	NA	NA	NA	NA	NA	NA	NA	NA	NA	NA	NA	NA	NA	NA	NA	NA	NA	NA	NA	NA	NA	NA	NA	NA	NA	NA	NA	NA	NA	NA	NA	NA	NA	NA	NA	NA	NA	NA	NA	NA	NA	NA	NA	NA	NA	NA	NA	NA	NA	NA	NA	NA	NA	NA	NA	NA	NA	NA	NA	NA	27.1000003814697	-16.1000003814697	18.5	74.8000030517578
110	NA	NA	NA	NA	NA	NA	NA	NA	NA	NA	NA	NA	NA	NA	NA	NA	NA	NA	NA	NA	NA	NA	NA	NA	NA	NA	NA	NA	NA	NA	NA	NA	NA	NA	NA	NA	NA	NA	NA	NA	NA	NA	NA	NA	NA	NA	NA	NA	NA	NA	NA	NA	NA	NA	NA	NA	NA	NA	NA	NA	NA	NA	NA	NA	NA	NA	NA	NA	NA	NA	NA	NA	NA	NA	NA	NA	NA	NA	NA	NA	NA	NA	NA	NA	NA	NA	NA	NA	NA	NA	NA	NA	NA	NA	NA	NA	NA	NA	NA	NA	NA	NA	NA	NA	NA	NA	NA	NA	NA	17	-29.7999992370605	-29.2999992370605
111	NA	NA	NA	NA	NA	NA	NA	NA	NA	NA	NA	NA	NA	NA	NA	NA	NA	NA	NA	NA	NA	NA	NA	NA	NA	NA	NA	NA	NA	NA	NA	NA	NA	NA	NA	NA	NA	NA	NA	NA	NA	NA	NA	NA	NA	NA	NA	NA	NA	NA	NA	NA	NA	NA	NA	NA	NA	NA	NA	NA	NA	NA	NA	NA	NA	NA	NA	NA	NA	NA	NA	NA	NA	NA	NA	NA	NA	NA	NA	NA	NA	NA	NA	NA	NA	NA	NA	NA	NA	NA	NA	NA	NA	NA	NA	NA	NA	NA	NA	NA	NA	NA	NA	NA	NA	NA	NA	NA	NA	NA	19.3999996185303	19.5
112	NA	NA	NA	NA	NA	NA	NA	NA	NA	NA	NA	NA	NA	NA	NA	NA	NA	NA	NA	NA	NA	NA	NA	NA	NA	NA	NA	NA	NA	NA	NA	NA	NA	NA	NA	NA	NA	NA	NA	NA	NA	NA	NA	NA	NA	NA	NA	NA	NA	NA	NA	NA	NA	NA	NA	NA	NA	NA	NA	NA	NA	NA	NA	NA	NA	NA	NA	NA	NA	NA	NA	NA	NA	NA	NA	NA	NA	NA	NA	NA	NA	NA	NA	NA	NA	NA	NA	NA	NA	NA	NA	NA	NA	NA	NA	NA	NA	NA	NA	NA	NA	NA	NA	NA	NA	NA	NA	NA	NA	NA	NA	12.1999998092651
