chr1	1	5000	-2.33041020792525
chr1	5001	10000	-2.15796029255799
chr1	10001	15000	1.30376239858265
chr1	15001	20000	0.91989943602576
chr1	20001	25000	2.11430794623519
chr1	25001	30000	12.4207186805856
chr1	30001	35000	2.10134635754635
chr1	35001	40000	-0.360660467360227
chr1	40001	45000	-1.20405580367049
chr1	45001	50000	-1.38182843647109
chr1	50001	55000	-1.34726654035108
chr1	55001	60000	-1.20288612053736
chr1	60001	65000	-1.20286806272145
chr1	65001	70000	-1.19034891973847
chr1	70001	75000	-1.57544709087153
chr1	75001	80000	-1.33448333660076
chr1	80001	85000	-0.936279648465258
chr1	85001	90000	-0.838952356749408
chr1	90001	95000	-0.594606337892943
chr1	95001	100000	-1.09215495106162
chr1	100001	105000	-1.06870628896355
chr1	105001	110000	0.128863066366439
chr1	110001	115000	-1.40243687507604
chr1	115001	120000	-1.9542373180143
chr1	120001	125000	-1.79228473821573
chr1	125001	130000	-1.49147576991188
chr1	130001	135000	-1.42485808249225
chr1	135001	140000	-1.00517968687486
chr1	140001	145000	-1.92099716477697
chr1	145001	150000	-1.99256427753025
chr1	150001	155000	-1.70870019886077
chr1	155001	160000	-1.81189490440402
chr1	160001	165000	-1.66170091649631
chr1	165001	170000	-1.4416178840731
chr1	170001	175000	-1.18526617528793
chr1	175001	180000	-0.472880983786379
chr1	180001	185000	-0.881747936467984
chr1	185001	190000	-1.43465405449367
chr1	190001	195000	-0.19645435183488
chr1	195001	200000	1.87657794874816
chr1	200001	205000	-0.153322670583072
chr1	205001	210000	-1.901040960961
chr1	210001	215000	-2.33041020792525
chr1	215001	220000	-2.33041020792525
chr1	220001	225000	-2.33041020792525
chr1	225001	230000	-2.33041020792525
chr1	230001	235000	-2.33041020792525
chr1	235001	240000	-2.33041020792525
chr1	240001	245000	-2.33041020792525
chr1	245001	250000	-2.33041020792525
chr1	250001	255000	-2.33041020792525
chr1	255001	260000	-1.91506958991269
chr1	260001	265000	-0.538935030503857
chr1	265001	270000	-0.627377211214426
chr1	270001	275000	-1.82458045656539
chr1	275001	280000	-1.76674779939125
chr1	280001	285000	-1.8163690817592
chr1	285001	290000	-1.94956445648719
chr1	290001	295000	-2.16860402178779
chr1	295001	300000	-2.21153901092286
chr1	300001	305000	-2.33033702232966
chr1	305001	310000	-2.33041020792525
chr1	310001	315000	-2.33041020792525
chr1	315001	320000	-2.33041020792525
chr1	320001	325000	-2.33041020792525
chr1	325001	330000	-2.33041020792525
chr1	330001	335000	-2.33041020792525
chr1	335001	340000	-2.33041020792525
chr1	340001	345000	-2.33041020792525
chr1	345001	350000	-2.11333119117805
chr1	350001	355000	-1.81743069804909
chr1	355001	360000	-1.76972043898094
chr1	360001	365000	-1.1936255149454
chr1	365001	370000	-1.4144339644713
chr1	370001	375000	-1.42500740117613
chr1	375001	380000	1.42603677042827
chr1	380001	385000	-1.22182565815903
chr1	385001	390000	-1.14846282053076
chr1	390001	395000	-1.28079189588496
chr1	395001	400000	-1.21568035342921
chr1	400001	405000	-1.27104937396514
chr1	405001	410000	-1.7577697093253
chr1	410001	415000	-1.9384809423191
chr1	415001	420000	-1.89050481528425
chr1	420001	425000	-1.15123136257533
chr1	425001	430000	-0.968670636906268
chr1	430001	435000	-1.4908672228726
chr1	435001	440000	-1.34704915068909
chr1	440001	445000	-1.57656683067408
chr1	445001	450000	-1.19316206355346
chr1	450001	455000	-0.943895105079955
chr1	455001	460000	-0.917226483952564
chr1	460001	465000	-0.927286950685161
chr1	465001	470000	-1.83737515226631
chr1	470001	475000	-2.30619640968378
chr1	475001	480000	-2.25092642012525
chr1	480001	485000	-2.17403862517939
chr1	485001	490000	-2.11448254518907
chr1	490001	495000	-2.10087040703748
chr1	495001	500000	-1.8280027243955
chr1	500001	505000	-2.0333876839185
chr1	505001	510000	-2.08136152832231
chr1	510001	515000	-1.9932582601362
chr1	515001	520000	-2.24442729508532
chr1	520001	525000	-2.26077073002178
chr1	525001	530000	-2.06967418847047
chr1	530001	535000	-1.93018579951213
chr1	535001	540000	-2.31774300697284
chr1	540001	545000	-2.33041020792525
chr1	545001	550000	-2.33041020792525
chr1	550001	555000	-2.33041020792525
chr1	555001	560000	-2.33041020792525
chr1	560001	565000	-2.33041020792525
chr1	565001	570000	-2.33041020792525
chr1	570001	575000	-2.33041020792525
chr1	575001	580000	-2.33041020792525
chr1	580001	585000	-2.32872221540641
chr1	585001	590000	-2.03556182103338
chr1	590001	595000	-1.81109787983116
chr1	595001	600000	-1.90183334367325
chr1	600001	605000	-2.02859490749274
chr1	605001	610000	-1.48984166480425
chr1	610001	615000	-2.1451876886006
chr1	615001	620000	-2.16604451822624
chr1	620001	625000	-2.24979731603741
chr1	625001	630000	78.9700394143954
chr1	630001	635000	235.656724371285
chr1	635001	640000	-0.110943739427564
chr1	640001	645000	-2.2705960090245
chr1	645001	650000	-2.22925480002589
chr1	650001	655000	-2.21928864903699
chr1	655001	660000	-2.09863506341443
chr1	660001	665000	-2.18561437412003
chr1	665001	670000	-1.9536571124551
chr1	670001	675000	-2.17837201385864
chr1	675001	680000	-2.11733413220365
chr1	680001	685000	-2.18619678721079
chr1	685001	690000	-2.19689196109755
chr1	690001	695000	-2.14784684158143
chr1	695001	700000	-2.14612236166707
chr1	700001	705000	-2.12492960478666
chr1	705001	710000	-2.23187390147307
chr1	710001	715000	-2.14497043966395
chr1	715001	720000	-2.22151122079925
chr1	720001	725000	-2.16150852297423
chr1	725001	730000	-2.04302817906527
chr1	730001	735000	-1.74906968382109
chr1	735001	740000	-1.95097301620605
chr1	740001	745000	-2.20043682667019
chr1	745001	750000	-2.17410700117607
chr1	750001	755000	-2.10851311258621
chr1	755001	760000	-2.06786632874171
chr1	760001	765000	-1.80564195841724
chr1	765001	770000	-1.63630747700116
chr1	770001	775000	-1.40069536753365
chr1	775001	780000	10.0980022154045
chr1	780001	785000	0.211399115442305
chr1	785001	790000	-0.113252574197974
chr1	790001	795000	-0.0487868439970903
chr1	795001	800000	-0.525739888701716
chr1	800001	805000	-0.583432185276103
chr1	805001	810000	-0.648070227829597
chr1	810001	815000	-0.882542538422054
chr1	815001	820000	-0.432677133126227
chr1	820001	825000	-0.289489383101946
chr1	825001	830000	7.39207653463466
chr1	830001	835000	-0.531103085202761
chr1	835001	840000	1.40106408988278
chr1	840001	845000	4.1733790200586
chr1	845001	850000	0.368197122991356
chr1	850001	855000	-0.637148156037945
chr1	855001	860000	-0.295015485617752
chr1	860001	865000	-0.249661754539726
chr1	865001	870000	1.49000307650792
chr1	870001	875000	-0.275146277721867
chr1	875001	880000	-0.559710771038032
chr1	880001	885000	-0.311499579793177
chr1	885001	890000	-0.0610974325382785
chr1	890001	895000	-0.024586553966544
chr1	895001	900000	-0.38244134228734
chr1	900001	905000	2.19584892294501
chr1	905001	910000	3.32143682032321
chr1	910001	915000	4.88753431430167
chr1	915001	920000	0.272317354456358
chr1	920001	925000	5.56405857231798
chr1	925001	930000	2.09226989353445
chr1	930001	935000	0.12971638705174
chr1	935001	940000	0.0740239800530849
chr1	940001	945000	2.51024655076756
chr1	945001	950000	-0.27950504941827
chr1	950001	955000	-0.495178769016991
chr1	955001	960000	7.05717163842258
chr1	960001	965000	4.93001457774313
chr1	965001	970000	1.13936970838002
chr1	970001	975000	-0.907553698545196
chr1	975001	980000	-0.838550162320844
chr1	980001	985000	-0.231306300268646
chr1	985001	990000	-0.608631778209304
chr1	990001	995000	-0.442556455088167
chr1	995001	1000000	1.67798504360865
chr1	1000001	1005000	3.8829789607191
chr1	1005001	1010000	0.273184672476585
chr1	1010001	1015000	5.45835001752513
chr1	1015001	1020000	3.24776232578731
chr1	1020001	1025000	4.86414512992525
chr1	1025001	1030000	0.949104274451586
chr1	1030001	1035000	4.1157152144023
chr1	1035001	1040000	0.943983313558082
chr1	1040001	1045000	1.17233813306395
chr1	1045001	1050000	-1.01915536369633
chr1	1050001	1055000	-0.573971215757195
chr1	1055001	1060000	2.64401302064035
chr1	1060001	1065000	1.01585655408896
chr1	1065001	1070000	3.85600915694521
chr1	1070001	1075000	1.28715593287674
chr1	1075001	1080000	-0.524821865532023
chr1	1080001	1085000	1.57838240274419
chr1	1085001	1090000	6.29577718320156
chr1	1090001	1095000	3.00704975058027
chr1	1095001	1100000	-0.0739516285659972
chr1	1100001	1105000	0.890096788854197
chr1	1105001	1110000	0.946828443208506
chr1	1110001	1115000	2.84986349889013
chr1	1115001	1120000	5.58888604531301
chr1	1120001	1125000	0.861558667174163
chr1	1125001	1130000	-0.511088829983235
chr1	1130001	1135000	0.242045540030148
chr1	1135001	1140000	1.74173175366169
chr1	1140001	1145000	4.81615475557367
chr1	1145001	1150000	2.63970284824234
chr1	1150001	1155000	0.47731586857844
chr1	1155001	1160000	6.42936166837354
chr1	1160001	1165000	-0.00841860641181734
chr1	1165001	1170000	-0.0506489214808298
chr1	1170001	1175000	1.65035988256461
chr1	1175001	1180000	1.58308320731753
chr1	1180001	1185000	0.552077010143653
chr1	1185001	1190000	-0.123404788126432
chr1	1190001	1195000	-0.333697581836508
chr1	1195001	1200000	-0.36401246784158
chr1	1200001	1205000	0.31183577941552
chr1	1205001	1210000	5.54977986285184
chr1	1210001	1215000	1.58916516719172
chr1	1215001	1220000	-0.484773971191529
chr1	1220001	1225000	-0.448512117828048
chr1	1225001	1230000	-0.123755540035024
chr1	1230001	1235000	15.2516466572627
chr1	1235001	1240000	1.57968326240906
chr1	1240001	1245000	-0.0160052799028079
chr1	1245001	1250000	0.212846095598376
chr1	1250001	1255000	2.19552626722805
chr1	1255001	1260000	2.79845073587924
chr1	1260001	1265000	2.69595726441659
chr1	1265001	1270000	-0.131893171154449
chr1	1270001	1275000	12.2757887408656
chr1	1275001	1280000	0.072412351119496
chr1	1280001	1285000	-0.518699519294793
chr1	1285001	1290000	-0.973370295422342
chr1	1290001	1295000	-0.506788804510807
chr1	1295001	1300000	-0.610065867032741
chr1	1300001	1305000	0.865795231499843
chr1	1305001	1310000	18.3874642893575
chr1	1310001	1315000	-0.183453896608552
chr1	1315001	1320000	-0.353667078123013
chr1	1320001	1325000	4.99572081884905
chr1	1325001	1330000	3.11876149216159
chr1	1330001	1335000	-0.69588506692308
chr1	1335001	1340000	-0.944517149016864
chr1	1340001	1345000	0.48047980605241
chr1	1345001	1350000	8.9809839433727
chr1	1350001	1355000	0.512755044985817
chr1	1355001	1360000	0.130715999016229
chr1	1360001	1365000	-0.150484316743079
chr1	1365001	1370000	0.316178723818281
chr1	1370001	1375000	9.49671859927332
chr1	1375001	1380000	7.18991719882858
chr1	1380001	1385000	-0.092581777336459
chr1	1385001	1390000	-0.342955224633674
chr1	1390001	1395000	-0.0992646650504635
chr1	1395001	1400000	10.7508135224952
chr1	1400001	1405000	4.45174591958584
chr1	1405001	1410000	13.6860599464727
chr1	1410001	1415000	0.0981597845902061
chr1	1415001	1420000	0.780043791839972
chr1	1420001	1425000	1.96177016269616
chr1	1425001	1430000	3.2302797893505
chr1	1430001	1435000	10.9671068356922
chr1	1435001	1440000	7.71436285413802
chr1	1440001	1445000	0.646213017729102
chr1	1445001	1450000	-0.545756167933843
chr1	1450001	1455000	-0.269078726759161
chr1	1455001	1460000	0.154124972531219
chr1	1460001	1465000	1.90025939606667
chr1	1465001	1470000	0.576093835252457
chr1	1470001	1475000	10.5871623928243
chr1	1475001	1480000	2.07165607723446
chr1	1480001	1485000	0.0290336189136389
chr1	1485001	1490000	-0.671922505818767
chr1	1490001	1495000	-0.42218853234068
chr1	1495001	1500000	-0.821432395642991
chr1	1500001	1505000	1.01446810817482
chr1	1505001	1510000	1.27169972000309
chr1	1510001	1515000	7.89961210688193
chr1	1515001	1520000	-0.922125782598179
chr1	1520001	1525000	-0.46306667731086
chr1	1525001	1530000	-0.856014631702776
chr1	1530001	1535000	-0.75228218217767
chr1	1535001	1540000	-0.248050805459829
chr1	1540001	1545000	-0.106042899034506
chr1	1545001	1550000	-0.134550389299765
chr1	1550001	1555000	0.343279138820943
chr1	1555001	1560000	-0.182201534730415
chr1	1560001	1565000	0.341378677061809
chr1	1565001	1570000	-0.117131531697092
chr1	1570001	1575000	11.0647076649268
chr1	1575001	1580000	4.42110857893216
chr1	1580001	1585000	-0.279119342245149
chr1	1585001	1590000	-0.371870164280056
chr1	1590001	1595000	-0.107884463176107
chr1	1595001	1600000	0.765416433283794
chr1	1600001	1605000	0.816136725054563
chr1	1605001	1610000	1.2214187912154
chr1	1610001	1615000	2.24003783262063
chr1	1615001	1620000	11.8821236588017
chr1	1620001	1625000	-0.104512520127254
chr1	1625001	1630000	3.61132144503811
chr1	1630001	1635000	2.45056862271204
chr1	1635001	1640000	-0.845187827627497
chr1	1640001	1645000	-0.585553434725997
chr1	1645001	1650000	-0.0274728216414722
chr1	1650001	1655000	-0.282222230302929
chr1	1655001	1660000	12.0702395500141
chr1	1660001	1665000	1.25092051299722
chr1	1665001	1670000	-0.304894987947209
chr1	1670001	1675000	-0.291500590820668
chr1	1675001	1680000	4.29847588130463
chr1	1680001	1685000	0.0757456881910393
chr1	1685001	1690000	0.150706669859891
chr1	1690001	1695000	27.7361713886562
chr1	1695001	1700000	0.0533972990801844
chr1	1700001	1705000	-1.93500088554006
chr1	1705001	1710000	-1.70141334973995
chr1	1710001	1715000	-1.98782988255504
chr1	1715001	1720000	-0.781658011045204
chr1	1720001	1725000	2.77375534180526
chr1	1725001	1730000	-0.451712746433704
chr1	1730001	1735000	-0.45863967639422
chr1	1735001	1740000	-0.902535322371048
chr1	1740001	1745000	0.0120325726462547
chr1	1745001	1750000	2.21376275083471
chr1	1750001	1755000	-0.894098519139231
chr1	1755001	1760000	0.516817487753916
chr1	1760001	1765000	1.0384233648966
chr1	1765001	1770000	0.577403299951829
chr1	1770001	1775000	0.517655371735017
chr1	1775001	1780000	17.8508351112536
chr1	1780001	1785000	6.97261550557906
chr1	1785001	1790000	3.17556656912565
chr1	1790001	1795000	1.13312919063412
chr1	1795001	1800000	0.660956318386909
chr1	1800001	1805000	1.07156160353735
chr1	1805001	1810000	0.497826949794209
chr1	1810001	1815000	-0.0882433018534839
chr1	1815001	1820000	0.490891551334128
chr1	1820001	1825000	0.932143549968891
chr1	1825001	1830000	2.99858981529116
chr1	1830001	1835000	7.22261309947923
chr1	1835001	1840000	3.68519307460492
chr1	1840001	1845000	6.98401852129148
chr1	1845001	1850000	2.72327497089349
chr1	1850001	1855000	0.707741359911991
chr1	1855001	1860000	1.23839359317225
chr1	1860001	1865000	2.46568987795316
chr1	1865001	1870000	0.8621274230712
chr1	1870001	1875000	0.891340912966071
chr1	1875001	1880000	0.337098591602318
chr1	1880001	1885000	0.776705517937839
chr1	1885001	1890000	5.42967391948845
chr1	1890001	1895000	16.9199756496173
chr1	1895001	1900000	5.43708793200071
chr1	1900001	1905000	3.76651521960663
chr1	1905001	1910000	14.0694849181938
chr1	1910001	1915000	0.537230545258726
chr1	1915001	1920000	5.24097330826751
chr1	1920001	1925000	2.72345226920249
chr1	1925001	1930000	1.71177574423224
chr1	1930001	1935000	-0.238519270419726
chr1	1935001	1940000	0.41682582357724
chr1	1940001	1945000	1.83837861738889
chr1	1945001	1950000	-0.0560361109646396
chr1	1950001	1955000	-0.0103004517380817
chr1	1955001	1960000	-0.168296005546135
chr1	1960001	1965000	0.281027451852524
chr1	1965001	1970000	-0.571133942334558
chr1	1970001	1975000	0.658471669950887
chr1	1975001	1980000	0.018026872809002
chr1	1980001	1985000	-0.421377411077273
chr1	1985001	1990000	-0.467737443090199
chr1	1990001	1995000	-0.0427375137926966
chr1	1995001	2000000	0.811806253951593
chr1	2000001	2005000	-0.0492035932874201
chr1	2005001	2010000	0.0709661934815511
chr1	2010001	2015000	0.00931251817470722
chr1	2015001	2020000	0.620773354960656
chr1	2020001	2025000	3.29868531828229
chr1	2025001	2030000	14.8158885460587
chr1	2030001	2035000	3.09906193268779
chr1	2035001	2040000	0.38210608785538
chr1	2040001	2045000	1.27841018036357
chr1	2045001	2050000	2.02444304454151
chr1	2050001	2055000	2.7840408394128
chr1	2055001	2060000	1.42645153454329
chr1	2060001	2065000	3.95917025947238
chr1	2065001	2070000	0.0601982539356726
chr1	2070001	2075000	6.40654471300031
chr1	2075001	2080000	6.11183266095358
chr1	2080001	2085000	-0.125651575944524
chr1	2085001	2090000	-0.224981458742959
chr1	2090001	2095000	0.832118209834739
chr1	2095001	2100000	1.37235914008228
chr1	2100001	2105000	5.43503112040281
chr1	2105001	2110000	4.00914207951335
chr1	2110001	2115000	2.12053570650591
chr1	2115001	2120000	0.379344730694875
chr1	2120001	2125000	-0.816586413113459
chr1	2125001	2130000	1.78133108622137
chr1	2130001	2135000	4.45131271080064
chr1	2135001	2140000	2.46883701841661
chr1	2140001	2145000	-0.229760842675683
chr1	2145001	2150000	1.80416222080609
chr1	2150001	2155000	0.049117920810072
chr1	2155001	2160000	-0.148916834933598
chr1	2160001	2165000	0.00401960225680068
chr1	2165001	2170000	-0.17873028169989
chr1	2170001	2175000	-0.179302875042147
chr1	2175001	2180000	-0.0805878638721854
chr1	2180001	2185000	-0.122265968557296
chr1	2185001	2190000	1.13507730167208
chr1	2190001	2195000	3.99265617987089
chr1	2195001	2200000	3.33836527415135
chr1	2200001	2205000	1.86767085805998
chr1	2205001	2210000	1.760767947403
chr1	2210001	2215000	1.78592849635059
chr1	2215001	2220000	-0.333261423781216
chr1	2220001	2225000	-0.348862783366823
chr1	2225001	2230000	6.65311793809386
chr1	2230001	2235000	2.03985890972824
chr1	2235001	2240000	0.315137131847158
chr1	2240001	2245000	-0.021172499538786
chr1	2245001	2250000	-0.107043526059674
chr1	2250001	2255000	1.03388741713032
chr1	2255001	2260000	3.11191748914241
chr1	2260001	2265000	-0.47373510391472
chr1	2265001	2270000	-0.0243308671627415
chr1	2270001	2275000	0.588512431828941
chr1	2275001	2280000	2.55365261713386
chr1	2280001	2285000	-0.347199724181239
chr1	2285001	2290000	-0.0426080938226399
chr1	2290001	2295000	2.15955520339528
chr1	2295001	2300000	1.41806744550213
chr1	2300001	2305000	8.47491476709343
chr1	2305001	2310000	-0.0754082491783381
chr1	2310001	2315000	0.987776013808379
chr1	2315001	2320000	1.57554764834005
chr1	2320001	2325000	-0.580210172482808
chr1	2325001	2330000	-0.713448650831349
chr1	2330001	2335000	-0.520179687637757
chr1	2335001	2340000	-0.581619019265184
chr1	2340001	2345000	-0.465474175643471
chr1	2345001	2350000	-0.826258574494174
chr1	2350001	2355000	-0.208334257451566
chr1	2355001	2360000	-0.468336382426096
chr1	2360001	2365000	-0.316846217465159
chr1	2365001	2370000	-0.741323891157924
chr1	2370001	2375000	-0.130218883830228
chr1	2375001	2380000	-0.425831481872033
chr1	2380001	2385000	-0.163525319295006
chr1	2385001	2390000	2.9577365999476
chr1	2390001	2395000	12.671974433735
chr1	2395001	2400000	0.0665673880964725
chr1	2400001	2405000	-0.344826485832574
chr1	2405001	2410000	-0.646910641212637
chr1	2410001	2415000	9.83855244457048
chr1	2415001	2420000	-0.243830591675644
chr1	2420001	2425000	-0.139561040703398
chr1	2425001	2430000	0.765378151058987
chr1	2430001	2435000	0.692670177272252
chr1	2435001	2440000	1.00881998812174
chr1	2440001	2445000	1.02317698088225
chr1	2445001	2450000	3.8884804446339
chr1	2450001	2455000	4.55793403995932
chr1	2455001	2460000	3.39340269101854
chr1	2460001	2465000	-0.11738668603942
chr1	2465001	2470000	0.57772028154807
chr1	2470001	2475000	4.01881087883859
chr1	2475001	2480000	0.365892099657289
chr1	2480001	2485000	1.92901872070162
chr1	2485001	2490000	-0.479263766500346
chr1	2490001	2495000	0.612269946880085
chr1	2495001	2500000	4.78328156962055
chr1	2500001	2505000	1.49380000444063
chr1	2505001	2510000	-0.255937116124751
chr1	2510001	2515000	-0.339834494205295
chr1	2515001	2520000	0.602540153229714
chr1	2520001	2525000	1.59324667498592
chr1	2525001	2530000	6.883182291105
chr1	2530001	2535000	-0.0647471899688589
chr1	2535001	2540000	-0.570321542048983
chr1	2540001	2545000	1.00407960504863
chr1	2545001	2550000	9.69270547742878
chr1	2550001	2555000	2.54260910358361
chr1	2555001	2560000	6.54608721830868
chr1	2560001	2565000	1.6653779527882
chr1	2565001	2570000	0.708646428633047
chr1	2570001	2575000	0.955410019083913
chr1	2575001	2580000	4.35936129056749
chr1	2580001	2585000	1.80116284526032
chr1	2585001	2590000	12.6670542777192
chr1	2590001	2595000	-0.0686618535806665
chr1	2595001	2600000	0.115643296393589
chr1	2600001	2605000	0.248078047115877
chr1	2605001	2610000	0.58924294799067
chr1	2610001	2615000	0.421476662993609
chr1	2615001	2620000	0.0234006677460876
chr1	2620001	2625000	-0.315994600124764
chr1	2625001	2630000	-0.622776099791019
chr1	2630001	2635000	-0.681149779272821
chr1	2635001	2640000	-0.355464643970676
chr1	2640001	2645000	6.3511993288095
chr1	2645001	2650000	-0.555849760212276
chr1	2650001	2655000	3.68113678441527
chr1	2655001	2660000	4.98109206673161
chr1	2660001	2665000	0.432289633316251
chr1	2665001	2670000	-1.71731495778256
chr1	2670001	2675000	-1.74316346659897
chr1	2675001	2680000	-1.73125307562165
chr1	2680001	2685000	-0.663930967867963
chr1	2685001	2690000	0.219932519010016
chr1	2690001	2695000	-1.11941463195523
chr1	2695001	2700000	-0.961048861861828
chr1	2700001	2705000	-1.4995714215004
chr1	2705001	2710000	-2.33041020792525
chr1	2710001	2715000	-2.33041020792525
chr1	2715001	2720000	-2.33041020792525
chr1	2720001	2725000	-2.33041020792525
chr1	2725001	2730000	-2.33041020792525
chr1	2730001	2735000	-2.33041020792525
chr1	2735001	2740000	-2.33041020792525
chr1	2740001	2745000	-2.33041020792525
chr1	2745001	2750000	-1.93179963439363
chr1	2750001	2755000	-1.44904277462482
chr1	2755001	2760000	-1.83873541609448
chr1	2760001	2765000	-1.85116741399252
chr1	2765001	2770000	-1.50354745797972
chr1	2770001	2775000	-1.93059276234862
chr1	2775001	2780000	-0.98914689310595
chr1	2780001	2785000	-0.474814289688717
chr1	2785001	2790000	0.254548256572761
chr1	2790001	2795000	-0.0156618269554061
chr1	2795001	2800000	2.51442400041442
chr1	2800001	2805000	1.40794609892739
chr1	2805001	2810000	-0.322009305695738
chr1	2810001	2815000	0.0855628661907021
chr1	2815001	2820000	-0.738269579400633
chr1	2820001	2825000	-0.619793032441978
chr1	2825001	2830000	-0.810763561842764
chr1	2830001	2835000	-0.516039255493692
chr1	2835001	2840000	-0.22358561890059
chr1	2840001	2845000	0.291637129856163
chr1	2845001	2850000	-0.379320660998781
chr1	2850001	2855000	-0.850340982654353
chr1	2855001	2860000	-0.918526627827136
chr1	2860001	2865000	0.0843383932371829
chr1	2865001	2870000	-0.60239544736095
chr1	2870001	2875000	-0.730271606472723
chr1	2875001	2880000	-0.469361245128279
chr1	2880001	2885000	-0.899668789559162
chr1	2885001	2890000	-0.587649271236633
chr1	2890001	2895000	-0.101381620055266
chr1	2895001	2900000	-0.255572473340887
chr1	2900001	2905000	-0.91049597189948
chr1	2905001	2910000	-0.860536046005008
chr1	2910001	2915000	-0.818102775643798
chr1	2915001	2920000	-0.485555351049525
chr1	2920001	2925000	-1.03317982276279
chr1	2925001	2930000	-0.518418782674705
chr1	2930001	2935000	-0.501712475525833
chr1	2935001	2940000	-0.539569192932926
chr1	2940001	2945000	-0.482861029999923
chr1	2945001	2950000	-0.286014895297895
chr1	2950001	2955000	0.0976986083359479
chr1	2955001	2960000	-0.502345002357644
chr1	2960001	2965000	-0.723780968794634
chr1	2965001	2970000	-0.540764889665726
chr1	2970001	2975000	-0.582933709193125
chr1	2975001	2980000	-0.6799910035134
chr1	2980001	2985000	-0.45208548803071
chr1	2985001	2990000	-0.570518347710294
chr1	2990001	2995000	-0.597731808837077
chr1	2995001	3000000	-0.606270202362141
chr1	3000001	3005000	0.638366874903042
chr1	3005001	3010000	0.265964808595487
chr1	3010001	3015000	0.0769995940376892
chr1	3015001	3020000	-0.956003720910915
chr1	3020001	3025000	-0.523698735931228
chr1	3025001	3030000	-0.374381663123008
chr1	3030001	3035000	-0.615129471252158
chr1	3035001	3040000	-0.340232952149868
chr1	3040001	3045000	-0.290103845770287
chr1	3045001	3050000	-0.680608343078872
chr1	3050001	3055000	-0.634425803435231
chr1	3055001	3060000	-0.488882850424652
chr1	3060001	3065000	-0.940388982193973
chr1	3065001	3070000	0.663677073586512
chr1	3070001	3075000	0.350433911506529
chr1	3075001	3080000	-0.84117031908227
chr1	3080001	3085000	-0.968284699081117
chr1	3085001	3090000	-0.740722571412389
chr1	3090001	3095000	-0.345503669980316
chr1	3095001	3100000	-0.33630918139985
chr1	3100001	3105000	-0.574306298658248
chr1	3105001	3110000	0.333699105424111
chr1	3110001	3115000	-0.442431261127975
chr1	3115001	3120000	-0.640801058786163
chr1	3120001	3125000	-0.59837996852686
chr1	3125001	3130000	-0.0842723148153454
chr1	3130001	3135000	0.828826183191441
chr1	3135001	3140000	-0.38757711853655
chr1	3140001	3145000	-0.280583579064796
chr1	3145001	3150000	-0.438366412275433
chr1	3150001	3155000	0.434565741423755
chr1	3155001	3160000	0.112752863616308
chr1	3160001	3165000	0.641580870015508
chr1	3165001	3170000	0.858345200237081
chr1	3170001	3175000	8.11289207185634
chr1	3175001	3180000	-0.108695968067047
chr1	3180001	3185000	0.572035266414965
chr1	3185001	3190000	0.129636353800073
chr1	3190001	3195000	2.23849699033456
chr1	3195001	3200000	1.18342068935845
chr1	3200001	3205000	0.0958973842076205
chr1	3205001	3210000	0.191872907749713
chr1	3210001	3215000	-0.721208758616458
chr1	3215001	3220000	-0.520462377284184
chr1	3220001	3225000	0.651082398625801
chr1	3225001	3230000	-0.440374307413345
chr1	3230001	3235000	-0.79520088532827
chr1	3235001	3240000	-0.681473380249553
chr1	3240001	3245000	-0.639824201643413
chr1	3245001	3250000	-0.55933501699632
chr1	3250001	3255000	-1.18730136094041
chr1	3255001	3260000	-1.01254370645072
chr1	3260001	3265000	-0.763168557477272
chr1	3265001	3270000	-0.790736882802259
chr1	3270001	3275000	-0.341577148721772
chr1	3275001	3280000	-0.690398937040414
chr1	3280001	3285000	-0.137648216499261
chr1	3285001	3290000	-0.983769236446864
chr1	3290001	3295000	-0.844696778510449
chr1	3295001	3300000	-0.630773394039005
chr1	3300001	3305000	-0.861949106130529
chr1	3305001	3310000	-0.467794344413142
chr1	3310001	3315000	-0.571726943418949
chr1	3315001	3320000	0.115732530999323
chr1	3320001	3325000	-0.440849238321888
chr1	3325001	3330000	-0.569459797160696
chr1	3330001	3335000	-0.776879246619927
chr1	3335001	3340000	0.283648560067547
chr1	3340001	3345000	-0.238715647552358
chr1	3345001	3350000	-0.1423427268307
chr1	3350001	3355000	-0.583710603955701
chr1	3355001	3360000	-0.377523477577721
chr1	3360001	3365000	0.716204442252655
chr1	3365001	3370000	-0.205403810877022
chr1	3370001	3375000	0.618720830645382
chr1	3375001	3380000	-0.807820950047454
chr1	3380001	3385000	0.494397414427116
chr1	3385001	3390000	0.204674961544759
chr1	3390001	3395000	0.459994199711771
chr1	3395001	3400000	-0.564620644544895
chr1	3400001	3405000	2.42504539664768
chr1	3405001	3410000	-0.0848864309271536
chr1	3410001	3415000	-0.766041583939279
chr1	3415001	3420000	-0.463770427539958
chr1	3420001	3425000	0.0563567856536973
chr1	3425001	3430000	-0.722860761019075
chr1	3430001	3435000	-0.69199350518797
chr1	3435001	3440000	-0.559473080061318
chr1	3440001	3445000	-0.609459557480258
chr1	3445001	3450000	-0.424293785556893
chr1	3450001	3455000	1.57866404229956
chr1	3455001	3460000	1.12120845311263
chr1	3460001	3465000	-0.143868665155546
chr1	3465001	3470000	1.90201121067856
chr1	3470001	3475000	0.499084992263034
chr1	3475001	3480000	-0.528189706112302
chr1	3480001	3485000	-0.109281618964513
chr1	3485001	3490000	-0.330479722102423
chr1	3490001	3495000	-0.0696688776217696
chr1	3495001	3500000	0.334162553251769
chr1	3500001	3505000	0.00982556353929477
chr1	3505001	3510000	-0.383902018915763
chr1	3510001	3515000	0.714823259228875
chr1	3515001	3520000	2.67032971040723
chr1	3520001	3525000	2.29656379318837
chr1	3525001	3530000	1.47350805908349
chr1	3530001	3535000	3.44886136468617
chr1	3535001	3540000	2.35394820521869
chr1	3540001	3545000	0.190624980895492
chr1	3545001	3550000	-0.149313860876021
chr1	3550001	3555000	-0.450537523156256
chr1	3555001	3560000	-0.495675742463864
chr1	3560001	3565000	-0.481379812005694
chr1	3565001	3570000	-0.292892931616755
chr1	3570001	3575000	-0.108119352141536
chr1	3575001	3580000	2.20489107162434
chr1	3580001	3585000	1.24465789782444
chr1	3585001	3590000	-0.423699407352321
chr1	3590001	3595000	1.12124153187459
chr1	3595001	3600000	2.41615867272351
chr1	3600001	3605000	0.727731427797909
chr1	3605001	3610000	2.44238466943868
chr1	3610001	3615000	7.61923667521044
chr1	3615001	3620000	0.0423938240906043
chr1	3620001	3625000	3.61532261098875
chr1	3625001	3630000	2.78754924539698
chr1	3630001	3635000	-0.227034547255168
chr1	3635001	3640000	0.0603809155089096
chr1	3640001	3645000	-0.764790259337685
chr1	3645001	3650000	2.56071849273427
chr1	3650001	3655000	0.942709219066346
chr1	3655001	3660000	-0.527206507295632
chr1	3660001	3665000	0.0820379642694429
chr1	3665001	3670000	2.89639712385552
chr1	3670001	3675000	1.00005109966211
chr1	3675001	3680000	8.26533815936609
chr1	3680001	3685000	2.12407689738442
chr1	3685001	3690000	3.54762902395146
chr1	3690001	3695000	0.92423299923661
chr1	3695001	3700000	-0.0873610028637619
chr1	3700001	3705000	0.583712702598987
chr1	3705001	3710000	-0.55824726321672
chr1	3710001	3715000	-0.704529265150286
chr1	3715001	3720000	0.0639263349101636
chr1	3720001	3725000	0.266553695346699
chr1	3725001	3730000	-0.579028643282683
chr1	3730001	3735000	0.151280630240855
chr1	3735001	3740000	-0.0010305483335093
chr1	3740001	3745000	-0.246541753661193
chr1	3745001	3750000	4.11661011166648
chr1	3750001	3755000	-0.123023140985105
chr1	3755001	3760000	0.340190528744357
chr1	3760001	3765000	0.829501014314033
chr1	3765001	3770000	-0.322396143817114
chr1	3770001	3775000	4.57888723400063
chr1	3775001	3780000	1.36037336258823
chr1	3780001	3785000	1.72054834720855
chr1	3785001	3790000	1.92939574623914
chr1	3790001	3795000	0.288197475086186
chr1	3795001	3800000	7.44082964184095
chr1	3800001	3805000	-0.308668910104387
chr1	3805001	3810000	-0.283955454254277
chr1	3810001	3815000	-0.677805880218421
chr1	3815001	3820000	0.0354984243034491
chr1	3820001	3825000	1.21504927830848
chr1	3825001	3830000	-0.0472752540732641
chr1	3830001	3835000	-0.492803865117295
chr1	3835001	3840000	0.942179986809165
chr1	3840001	3845000	0.86372979683279
chr1	3845001	3850000	-0.436418179393752
chr1	3850001	3855000	-0.220432130977794
chr1	3855001	3860000	10.6867863150828
chr1	3860001	3865000	0.107784085402388
chr1	3865001	3870000	0.361707520412894
chr1	3870001	3875000	0.123023077388466
chr1	3875001	3880000	-0.1824430294222
chr1	3880001	3885000	0.620332399524084
chr1	3885001	3890000	-0.113404754986963
chr1	3890001	3895000	0.123486031609781
chr1	3895001	3900000	5.19040684037784
chr1	3900001	3905000	14.8428687176953
chr1	3905001	3910000	2.23203603587044
chr1	3910001	3915000	1.6758789391504
chr1	3915001	3920000	-0.405446273119333
chr1	3920001	3925000	-0.324108726944005
chr1	3925001	3930000	-0.352022389237842
chr1	3930001	3935000	-0.415689898640877
chr1	3935001	3940000	-0.387762403079822
chr1	3940001	3945000	-0.430006466610123
chr1	3945001	3950000	-0.339277112386238
chr1	3950001	3955000	-0.403277101470171
chr1	3955001	3960000	-0.307641016247726
chr1	3960001	3965000	-0.54232177533186
chr1	3965001	3970000	-0.415798447274304
chr1	3970001	3975000	-0.295617065265484
chr1	3975001	3980000	-0.597403989959605
chr1	3980001	3985000	1.27094125244192
chr1	3985001	3990000	-0.121664678431666
chr1	3990001	3995000	-0.319786853303316
chr1	3995001	4000000	-0.386608670538881
chr1	4000001	4005000	0.409027819034523
chr1	4005001	4010000	1.65033185502435
chr1	4010001	4015000	-0.0518816522031612
chr1	4015001	4020000	-0.0308840516209786
chr1	4020001	4025000	0.428739135460928
chr1	4025001	4030000	3.59634455145118
chr1	4030001	4035000	0.189104932361675
chr1	4035001	4040000	0.221670241687988
chr1	4040001	4045000	0.0374572548592037
chr1	4045001	4050000	1.04852478531317
chr1	4050001	4055000	-0.293983126310129
chr1	4055001	4060000	-0.387424762308232
chr1	4060001	4065000	0.0596361508960594
chr1	4065001	4070000	-1.07978089660412
chr1	4070001	4075000	-0.456557663488929
chr1	4075001	4080000	-0.623317814636075
chr1	4080001	4085000	-0.300300817472591
chr1	4085001	4090000	-0.225975536999969
chr1	4090001	4095000	-0.513915347822606
chr1	4095001	4100000	-0.476330302253863
chr1	4100001	4105000	-0.901066147070257
chr1	4105001	4110000	-0.552009867365317
chr1	4110001	4115000	-0.0108108192239444
chr1	4115001	4120000	-0.363638147697329
chr1	4120001	4125000	-0.455720854238171
chr1	4125001	4130000	-0.444586037300078
chr1	4130001	4135000	-0.556038462068518
chr1	4135001	4140000	-0.03089775533819
chr1	4140001	4145000	-0.177851043686801
chr1	4145001	4150000	-0.411480555171469
chr1	4150001	4155000	-0.407959391758471
chr1	4155001	4160000	-0.656414784356509
chr1	4160001	4165000	-0.632850497654545
chr1	4165001	4170000	-0.215503388517665
chr1	4170001	4175000	0.599192383220665
chr1	4175001	4180000	4.10498133089052
chr1	4180001	4185000	-0.0220903446323714
chr1	4185001	4190000	-0.498956679712965
chr1	4190001	4195000	-0.434636469172895
chr1	4195001	4200000	-0.267604712723322
chr1	4200001	4205000	-0.259236422043696
chr1	4205001	4210000	-0.149995813088271
chr1	4210001	4215000	-0.00709670728963883
chr1	4215001	4220000	0.936249452101454
chr1	4220001	4225000	0.741763077707956
chr1	4225001	4230000	-0.208259622662753
chr1	4230001	4235000	-0.37373656765037
chr1	4235001	4240000	-0.387543417095623
chr1	4240001	4245000	-0.640982931311566
chr1	4245001	4250000	-0.868606659086942
chr1	4250001	4255000	-0.265164834607801
chr1	4255001	4260000	0.0393496249122717
chr1	4260001	4265000	-0.068434271450542
chr1	4265001	4270000	-0.165696846362278
chr1	4270001	4275000	-0.554799715074972
chr1	4275001	4280000	-0.0102638446381089
chr1	4280001	4285000	-0.416860294508662
chr1	4285001	4290000	-0.3686017833101
chr1	4290001	4295000	-0.106698694248832
chr1	4295001	4300000	-0.33713977281481
chr1	4300001	4305000	-0.554970868837398
chr1	4305001	4310000	0.0972707366007418
chr1	4310001	4315000	0.671365284720121
chr1	4315001	4320000	-0.329671466493989
chr1	4320001	4325000	-0.278824578768346
chr1	4325001	4330000	-0.147304236403976
chr1	4330001	4335000	-0.146582222087678
chr1	4335001	4340000	-0.05157434997956
chr1	4340001	4345000	1.59543011580251
chr1	4345001	4350000	0.462643715398476
chr1	4350001	4355000	-0.322735615507009
chr1	4355001	4360000	-0.603660177636649
chr1	4360001	4365000	-0.530048496253967
chr1	4365001	4370000	-0.441144825981746
chr1	4370001	4375000	-0.129190275511722
chr1	4375001	4380000	-0.117001878210834
chr1	4380001	4385000	-0.0434924227627697
chr1	4385001	4390000	-0.297677296683744
chr1	4390001	4395000	-0.227825898393081
chr1	4395001	4400000	-0.154442789892158
chr1	4400001	4405000	-0.45322771666018
chr1	4405001	4410000	0.147104639346168
chr1	4410001	4415000	-0.263000606816613
chr1	4415001	4420000	0.10829915160052
chr1	4420001	4425000	2.37707402803076
chr1	4425001	4430000	-0.418821036593518
chr1	4430001	4435000	-0.253815979459368
chr1	4435001	4440000	-0.245289230073721
chr1	4440001	4445000	-0.248681867570728
chr1	4445001	4450000	-0.605673794244093
chr1	4450001	4455000	-0.210302168983442
chr1	4455001	4460000	0.496552316268929
chr1	4460001	4465000	-0.355928436659647
chr1	4465001	4470000	-0.441311095705975
chr1	4470001	4475000	-0.624421198180471
chr1	4475001	4480000	-0.219803145430832
chr1	4480001	4485000	-0.23405878184995
chr1	4485001	4490000	0.728448972422823
chr1	4490001	4495000	0.616973915265811
chr1	4495001	4500000	0.260442621446723
chr1	4500001	4505000	-0.241938389955839
chr1	4505001	4510000	0.519622968702335
chr1	4510001	4515000	0.320417434157094
chr1	4515001	4520000	-0.659664720313409
chr1	4520001	4525000	-0.645891994223495
chr1	4525001	4530000	-0.463074642440804
chr1	4530001	4535000	-0.459212815762081
chr1	4535001	4540000	-0.689347209457429
chr1	4540001	4545000	-0.684436108280362
chr1	4545001	4550000	-0.584235952794151
chr1	4550001	4555000	-0.681515767974832
chr1	4555001	4560000	-0.546872360157132
chr1	4560001	4565000	-0.63225681379731
chr1	4565001	4570000	-0.271068614857854
chr1	4570001	4575000	-0.239961636390091
chr1	4575001	4580000	-0.283642210986453
chr1	4580001	4585000	0.0349408364682666
chr1	4585001	4590000	0.130082808227796
chr1	4590001	4595000	-0.443240427828418
chr1	4595001	4600000	0.0741210207169649
chr1	4600001	4605000	-0.525696269204731
chr1	4605001	4610000	-0.493152451338686
chr1	4610001	4615000	-0.492869916627352
chr1	4615001	4620000	-0.716773358629281
chr1	4620001	4625000	-0.505715442950008
chr1	4625001	4630000	-0.676855309745724
chr1	4630001	4635000	-0.575521149620874
chr1	4635001	4640000	-0.243234162981348
chr1	4640001	4645000	-0.635988998451177
chr1	4645001	4650000	-0.481476933037194
chr1	4650001	4655000	0.427456961459564
chr1	4655001	4660000	2.19467867774302
chr1	4660001	4665000	-0.0162055354146085
chr1	4665001	4670000	-0.0171445269825567
chr1	4670001	4675000	-0.392688517165777
chr1	4675001	4680000	-0.261914648317545
chr1	4680001	4685000	-0.547655531445162
chr1	4685001	4690000	-0.499995146445262
chr1	4690001	4695000	-0.641889261955383
chr1	4695001	4700000	-0.409506451475064
chr1	4700001	4705000	-0.560782865359168
chr1	4705001	4710000	-0.297018408633016
chr1	4710001	4715000	-0.464204112027142
chr1	4715001	4720000	-0.354349668968809
chr1	4720001	4725000	-0.576341213937448
chr1	4725001	4730000	-0.184397278751743
chr1	4730001	4735000	-0.385443951359853
chr1	4735001	4740000	0.383024166701371
chr1	4740001	4745000	0.514274292784648
chr1	4745001	4750000	0.0550373416819176
chr1	4750001	4755000	-0.261091738858822
chr1	4755001	4760000	-0.467085849017276
chr1	4760001	4765000	-0.474055080910705
chr1	4765001	4770000	-0.50735218280648
chr1	4770001	4775000	-0.591042931679619
chr1	4775001	4780000	-0.443755258930972
chr1	4780001	4785000	-0.614474423501573
chr1	4785001	4790000	-0.215152822696713
chr1	4790001	4795000	-0.560957783500404
chr1	4795001	4800000	1.3009580237907
chr1	4800001	4805000	-0.591845853495223
chr1	4805001	4810000	-0.433065325137516
chr1	4810001	4815000	-0.683380102208874
chr1	4815001	4820000	-0.274020289922102
chr1	4820001	4825000	-0.37097174693405
chr1	4825001	4830000	-0.278976067295562
chr1	4830001	4835000	-0.521545203646775
chr1	4835001	4840000	-0.544625410367863
chr1	4840001	4845000	-0.699483774653808
chr1	4845001	4850000	0.551997568059181
chr1	4850001	4855000	-0.444381516208453
chr1	4855001	4860000	-0.761234043728647
chr1	4860001	4865000	-1.13899175978366
chr1	4865001	4870000	-0.796135730449154
chr1	4870001	4875000	-0.710712991705173
chr1	4875001	4880000	-0.351521745591822
chr1	4880001	4885000	-0.550034443603295
chr1	4885001	4890000	-0.5950023387958
chr1	4890001	4895000	-0.499330352415587
chr1	4895001	4900000	-0.400992302623833
chr1	4900001	4905000	-0.53503866712018
chr1	4905001	4910000	-0.409706198151403
chr1	4910001	4915000	-0.507287690081223
chr1	4915001	4920000	-0.327473792660048
chr1	4920001	4925000	-0.343985995949344
chr1	4925001	4930000	-0.426811110455382
chr1	4930001	4935000	-0.378681678863539
chr1	4935001	4940000	-0.713990794511852
chr1	4940001	4945000	-0.455478197166576
chr1	4945001	4950000	-0.44412542687047
chr1	4950001	4955000	-0.468634340826688
chr1	4955001	4960000	-0.38090960507985
chr1	4960001	4965000	-0.303537449663487
chr1	4965001	4970000	-0.369848209912325
chr1	4970001	4975000	-0.277626348299851
chr1	4975001	4980000	-0.693702397133201
chr1	4980001	4985000	-0.588555885367642
chr1	4985001	4990000	-0.627858765875083
chr1	4990001	4995000	-0.680090862999634
chr1	4995001	5000000	-0.593423159292357
chr1	5000001	5005000	-0.260339167579127
chr1	5005001	5010000	-0.45650133563561
chr1	5010001	5015000	-0.0215034422240467
chr1	5015001	5020000	-0.728071104098885
chr1	5020001	5025000	-0.433946155239769
chr1	5025001	5030000	-0.609007787222863
chr1	5030001	5035000	-0.473165359521943
chr1	5035001	5040000	-0.552183239197836
chr1	5040001	5045000	-0.498630672535615
chr1	5045001	5050000	-0.647736409556949
chr1	5050001	5055000	-0.597257627072356
chr1	5055001	5060000	-0.676077437048079
chr1	5060001	5065000	-0.745310258163345
chr1	5065001	5070000	-0.398909476397813
chr1	5070001	5075000	-0.812759595419413
chr1	5075001	5080000	-0.826944206750045
chr1	5080001	5085000	-0.302390135826877
chr1	5085001	5090000	-0.313900494082103
chr1	5090001	5095000	-0.47791072794306
chr1	5095001	5100000	-0.437776344251151
chr1	5100001	5105000	-0.532746979623445
chr1	5105001	5110000	-0.400935246861043
chr1	5110001	5115000	-0.50118414555001
chr1	5115001	5120000	-1.01523130716932
chr1	5120001	5125000	-0.310175445242198
chr1	5125001	5130000	-0.550850218391983
chr1	5130001	5135000	-0.727616173569054
chr1	5135001	5140000	-0.439059074671389
chr1	5140001	5145000	-0.216452869516384
chr1	5145001	5150000	-0.446108208546086
chr1	5150001	5155000	-0.5105994228763
chr1	5155001	5160000	0.121680543660208
chr1	5160001	5165000	-0.34909439795929
chr1	5165001	5170000	-0.50234337808169
chr1	5170001	5175000	-0.397392212911328
chr1	5175001	5180000	-0.367790003447197
chr1	5180001	5185000	-0.675587302037229
chr1	5185001	5190000	-0.382073950842644
chr1	5190001	5195000	-0.487873876716081
chr1	5195001	5200000	-0.633455383557798
chr1	5200001	5205000	-0.396546411696691
chr1	5205001	5210000	-0.518183287639432
chr1	5210001	5215000	-0.742968916088453
chr1	5215001	5220000	-0.679965971337742
chr1	5220001	5225000	-0.255394639628723
chr1	5225001	5230000	-0.32985435990275
chr1	5230001	5235000	-0.581926441752789
chr1	5235001	5240000	-0.536798376381169
chr1	5240001	5245000	-0.561013320907502
chr1	5245001	5250000	-0.50690102459173
chr1	5250001	5255000	-0.374008227703768
chr1	5255001	5260000	-0.672351227206905
chr1	5260001	5265000	-0.625836557260106
chr1	5265001	5270000	-0.662979987864852
chr1	5270001	5275000	-0.351131368857905
chr1	5275001	5280000	-0.362157109183398
chr1	5280001	5285000	-0.353755362111108
chr1	5285001	5290000	-0.520802169467174
chr1	5290001	5295000	-0.435166354119639
chr1	5295001	5300000	-0.446124125358586
chr1	5300001	5305000	-0.530867715997107
chr1	5305001	5310000	-0.859156635143979
chr1	5310001	5315000	-0.609117480187484
chr1	5315001	5320000	-0.68811675243398
chr1	5320001	5325000	-0.259017435039619
chr1	5325001	5330000	0.535418492700113
chr1	5330001	5335000	-0.37274474867314
chr1	5335001	5340000	-0.52386861941106
chr1	5340001	5345000	-0.442789066673736
chr1	5345001	5350000	-0.134705949601866
chr1	5350001	5355000	-0.402289830223651
chr1	5355001	5360000	-0.250719556481341
chr1	5360001	5365000	-0.223935848289455
chr1	5365001	5370000	-0.566042538620895
chr1	5370001	5375000	-0.50872597669281
chr1	5375001	5380000	-0.586237982410741
chr1	5380001	5385000	-0.758511870009276
chr1	5385001	5390000	-0.242793397744111
chr1	5390001	5395000	-0.66033028378401
chr1	5395001	5400000	-0.31104367209258
chr1	5400001	5405000	-0.238877671875402
chr1	5405001	5410000	-0.749068198976299
chr1	5410001	5415000	-0.394280468179498
chr1	5415001	5420000	-0.427614230562733
chr1	5420001	5425000	0.110791559240137
chr1	5425001	5430000	-0.401771207086098
chr1	5430001	5435000	-0.446147186137383
chr1	5435001	5440000	-0.422078900137416
chr1	5440001	5445000	-0.551458311561795
chr1	5445001	5450000	-0.347765769305773
chr1	5450001	5455000	-0.417062323710738
chr1	5455001	5460000	-0.219667542913578
chr1	5460001	5465000	-0.384338864039777
chr1	5465001	5470000	-0.209636498572616
chr1	5470001	5475000	-0.496441360756203
chr1	5475001	5480000	-0.370755833182521
chr1	5480001	5485000	-0.274583247425441
chr1	5485001	5490000	-0.317749990657116
chr1	5490001	5495000	-0.528031938672831
chr1	5495001	5500000	-0.462313170885571
chr1	5500001	5505000	0.463601870248279
chr1	5505001	5510000	0.0838288656857124
chr1	5510001	5515000	0.246103925468275
chr1	5515001	5520000	-0.21359826315865
chr1	5520001	5525000	0.813231209486068
chr1	5525001	5530000	0.288195128752202
chr1	5530001	5535000	-0.342642145318747
chr1	5535001	5540000	-0.442710288434887
chr1	5540001	5545000	-0.547616816856571
chr1	5545001	5550000	-0.639675619630473
chr1	5550001	5555000	0.0788237545269958
chr1	5555001	5560000	-0.522844068471654
chr1	5560001	5565000	-0.69491490523841
chr1	5565001	5570000	-0.412772435733016
chr1	5570001	5575000	-0.289231593682639
chr1	5575001	5580000	-0.161020809469256
chr1	5580001	5585000	-0.414395626430881
chr1	5585001	5590000	-0.228969528397192
chr1	5590001	5595000	-0.310115105466254
chr1	5595001	5600000	0.0588443104874887
chr1	5600001	5605000	-0.678711950889772
chr1	5605001	5610000	-0.559628070136811
chr1	5610001	5615000	-0.0266510212831611
chr1	5615001	5620000	3.3805056700069
chr1	5620001	5625000	0.188122706915499
chr1	5625001	5630000	-0.142044238674078
chr1	5630001	5635000	-0.464625925550999
chr1	5635001	5640000	0.859897718813265
chr1	5640001	5645000	1.84630616663383
chr1	5645001	5650000	2.79983865251864
chr1	5650001	5655000	-0.0182693702817067
chr1	5655001	5660000	-0.138839016960972
chr1	5660001	5665000	1.1775159018617
chr1	5665001	5670000	0.519168904563415
chr1	5670001	5675000	0.943299847528797
chr1	5675001	5680000	0.14150300087778
chr1	5680001	5685000	1.43902771402631
chr1	5685001	5690000	0.388145835303379
chr1	5690001	5695000	-0.105892374934741
chr1	5695001	5700000	1.24699961578675
chr1	5700001	5705000	0.226437204038821
chr1	5705001	5710000	1.93991419338115
chr1	5710001	5715000	11.4226830589965
chr1	5715001	5720000	8.62706117612729
chr1	5720001	5725000	1.038046515929
chr1	5725001	5730000	0.403442723478429
chr1	5730001	5735000	-0.313947361807381
chr1	5735001	5740000	0.163973866602827
chr1	5740001	5745000	1.03739373382651
chr1	5745001	5750000	1.30570641599627
chr1	5750001	5755000	1.46073635614189
chr1	5755001	5760000	0.233326692008936
chr1	5760001	5765000	-0.190126572475535
chr1	5765001	5770000	-0.267690890084261
chr1	5770001	5775000	1.01630687748503
chr1	5775001	5780000	0.278594284428242
chr1	5780001	5785000	-0.079566517313221
chr1	5785001	5790000	-0.211675919475753
chr1	5790001	5795000	-0.391409471792726
chr1	5795001	5800000	0.82455704970119
chr1	5800001	5805000	1.14820695419475
chr1	5805001	5810000	0.27010840574141
chr1	5810001	5815000	3.35857715454007
chr1	5815001	5820000	1.68129899561809
chr1	5820001	5825000	2.78521514552736
chr1	5825001	5830000	8.43146582352854
chr1	5830001	5835000	0.395944136036914
chr1	5835001	5840000	0.53184241790298
chr1	5840001	5845000	-0.202079676263923
chr1	5845001	5850000	-0.176061997874483
chr1	5850001	5855000	0.0619493452159055
chr1	5855001	5860000	1.42238136185963
chr1	5860001	5865000	0.272365321782285
chr1	5865001	5870000	0.111496003508948
chr1	5870001	5875000	-0.0543458570780621
chr1	5875001	5880000	1.50020312610524
chr1	5880001	5885000	1.23086341848034
chr1	5885001	5890000	12.63664330804
chr1	5890001	5895000	5.7588753481198
chr1	5895001	5900000	1.51638497205464
chr1	5900001	5905000	1.41304334362352
chr1	5905001	5910000	1.80279106645851
chr1	5910001	5915000	0.720094500724888
chr1	5915001	5920000	0.507134308634445
chr1	5920001	5925000	-0.335905680826782
chr1	5925001	5930000	-0.506477250737298
chr1	5930001	5935000	-0.19506380528989
chr1	5935001	5940000	-0.172974776194344
chr1	5940001	5945000	-0.357241723361385
chr1	5945001	5950000	-0.329310204058782
chr1	5950001	5955000	0.044733257015927
chr1	5955001	5960000	-0.493118932196851
chr1	5960001	5965000	0.102443647354628
chr1	5965001	5970000	0.143725518578761
chr1	5970001	5975000	1.32153365861898
chr1	5975001	5980000	3.94048273665787
chr1	5980001	5985000	0.875474321822878
chr1	5985001	5990000	-0.0191910237160921
chr1	5990001	5995000	11.4402299201195
chr1	5995001	6000000	0.187400707761285
chr1	6000001	6005000	0.63673439499214
chr1	6005001	6010000	0.672653740547787
chr1	6010001	6015000	1.35084635344893
chr1	6015001	6020000	0.00880471659163549
chr1	6020001	6025000	1.13236428695272
chr1	6025001	6030000	14.6642302926399
chr1	6030001	6035000	0.806202951056823
chr1	6035001	6040000	2.41799556125526
chr1	6040001	6045000	2.10461361210712
chr1	6045001	6050000	0.11167017652552
chr1	6050001	6055000	-0.0248846462156612
chr1	6055001	6060000	0.695238857081072
chr1	6060001	6065000	-0.176993325867116
chr1	6065001	6070000	-0.0763487227312025
chr1	6070001	6075000	0.100409233771703
chr1	6075001	6080000	0.28431160328841
chr1	6080001	6085000	0.920439182709473
chr1	6085001	6090000	-0.283645696938543
chr1	6090001	6095000	0.459568194015395
chr1	6095001	6100000	-0.407799279106997
chr1	6100001	6105000	-0.0260050353423007
chr1	6105001	6110000	-0.488295309799256
chr1	6110001	6115000	0.162690579041788
chr1	6115001	6120000	-0.203684625692489
chr1	6120001	6125000	-0.0830750147571924
chr1	6125001	6130000	2.10441052785895
chr1	6130001	6135000	-0.332728059827932
chr1	6135001	6140000	0.0461705879551827
chr1	6140001	6145000	0.159557555316885
chr1	6145001	6150000	-0.577993225629818
chr1	6150001	6155000	-0.224911123303034
chr1	6155001	6160000	-0.579336493612066
chr1	6160001	6165000	-0.460113378038915
chr1	6165001	6170000	-0.165102070259413
chr1	6170001	6175000	1.18564067241718
chr1	6175001	6180000	-0.307709060485767
chr1	6180001	6185000	0.249663266546584
chr1	6185001	6190000	-0.109905548913683
chr1	6190001	6195000	0.0832813827301234
chr1	6195001	6200000	11.5666994456794
chr1	6200001	6205000	2.48309260446592
chr1	6205001	6210000	1.14010262258335
chr1	6210001	6215000	1.23890810490801
chr1	6215001	6220000	1.98981544179373
chr1	6220001	6225000	0.565201411949215
chr1	6225001	6230000	0.345332128866972
chr1	6230001	6235000	1.40828885254919
chr1	6235001	6240000	5.86204597623416
chr1	6240001	6245000	2.17513040545884
chr1	6245001	6250000	1.57360577140667
chr1	6250001	6255000	-0.12054881171884
chr1	6255001	6260000	0.463936084294177
chr1	6260001	6265000	8.80306470697738
chr1	6265001	6270000	0.835828487751639
chr1	6270001	6275000	0.694299757042007
chr1	6275001	6280000	0.644319261231455
chr1	6280001	6285000	0.734134326525733
chr1	6285001	6290000	2.27911738767781
chr1	6290001	6295000	6.00103512796189
chr1	6295001	6300000	1.32625255483046
chr1	6300001	6305000	0.0732544752527355
chr1	6305001	6310000	-0.210734444286392
chr1	6310001	6315000	-0.50359426210443
chr1	6315001	6320000	-0.280152894085267
chr1	6320001	6325000	-0.182766201544093
chr1	6325001	6330000	-0.0218085692488521
chr1	6330001	6335000	-0.166241876494708
chr1	6335001	6340000	0.534775114128565
chr1	6340001	6345000	0.608818692686173
chr1	6345001	6350000	1.50410329818927
chr1	6350001	6355000	0.214097797273567
chr1	6355001	6360000	2.2735235043603
chr1	6360001	6365000	1.60045842007394
chr1	6365001	6370000	0.198522966441012
chr1	6370001	6375000	0.503139426728777
chr1	6375001	6380000	0.602592923351657
chr1	6380001	6385000	0.0865535291770371
chr1	6385001	6390000	0.0328515436660334
chr1	6390001	6395000	8.91563944935563
chr1	6395001	6400000	0.162336171634066
chr1	6400001	6405000	-0.3434680945877
chr1	6405001	6410000	-0.0663767155260592
chr1	6410001	6415000	-0.103958857075293
chr1	6415001	6420000	1.56197269782809
chr1	6420001	6425000	3.13452579055292
chr1	6425001	6430000	0.702519382293178
chr1	6430001	6435000	-0.26145058101628
chr1	6435001	6440000	0.924697284589434
chr1	6440001	6445000	0.758011393098834
chr1	6445001	6450000	0.265755762466297
chr1	6450001	6455000	-0.593943321587956
chr1	6455001	6460000	0.0270774896483469
chr1	6460001	6465000	0.693530416638782
chr1	6465001	6470000	0.845646006844369
chr1	6470001	6475000	-0.905785983653063
chr1	6475001	6480000	-0.286586313630857
chr1	6480001	6485000	-0.567340164159267
chr1	6485001	6490000	0.845044185497084
chr1	6490001	6495000	5.80661076876909
chr1	6495001	6500000	2.0273589629621
chr1	6500001	6505000	0.657825085024958
chr1	6505001	6510000	0.717609577884587
chr1	6510001	6515000	0.151134285713025
chr1	6515001	6520000	-0.327587900223551
chr1	6520001	6525000	0.277874492529709
chr1	6525001	6530000	-0.107482407089362
chr1	6530001	6535000	-0.351086254022757
chr1	6535001	6540000	-0.263240073750219
chr1	6540001	6545000	-0.450472177351652
chr1	6545001	6550000	-0.326937499451704
chr1	6550001	6555000	7.00183822224438
chr1	6555001	6560000	1.42216511902133
chr1	6560001	6565000	0.333367629798888
chr1	6565001	6570000	0.057597622962841
chr1	6570001	6575000	0.022572859800855
chr1	6575001	6580000	2.06237234596607
chr1	6580001	6585000	7.07678529905687
chr1	6585001	6590000	1.79139281121853
chr1	6590001	6595000	1.18898671841779
chr1	6595001	6600000	0.857350846771364
chr1	6600001	6605000	16.3107534429034
chr1	6605001	6610000	-0.00458024763093852
chr1	6610001	6615000	9.59417507176126
chr1	6615001	6620000	2.14473130528685
chr1	6620001	6625000	1.36597769967956
chr1	6625001	6630000	6.13946738168533
chr1	6630001	6635000	1.12766792722209
chr1	6635001	6640000	0.30555672317284
chr1	6640001	6645000	-0.456406617528192
chr1	6645001	6650000	0.00930301311826817
chr1	6650001	6655000	-0.237383519002693
chr1	6655001	6660000	-0.028549597644396
chr1	6660001	6665000	-0.462972511654526
chr1	6665001	6670000	-0.165026625975269
chr1	6670001	6675000	-0.033007846852325
chr1	6675001	6680000	-0.0607362399498502
chr1	6680001	6685000	-0.364933395753047
chr1	6685001	6690000	-0.206628089640655
chr1	6690001	6695000	0.0752746343022503
chr1	6695001	6700000	-0.00348744679932864
chr1	6700001	6705000	9.94572132271064
chr1	6705001	6710000	-0.459438169650866
chr1	6710001	6715000	-0.414061054519328
chr1	6715001	6720000	-0.445898114042762
chr1	6720001	6725000	-0.239824396964661
chr1	6725001	6730000	-0.530946746198975
chr1	6730001	6735000	-0.61776648092057
chr1	6735001	6740000	-0.242147583046381
chr1	6740001	6745000	0.647332305952707
chr1	6745001	6750000	-0.299181292993309
chr1	6750001	6755000	-0.476263967894909
chr1	6755001	6760000	-0.66380667725703
chr1	6760001	6765000	-0.429131774119508
chr1	6765001	6770000	-0.496784949675659
chr1	6770001	6775000	-0.326910279797632
chr1	6775001	6780000	0.00876074163797964
chr1	6780001	6785000	9.6853886151948
chr1	6785001	6790000	9.89971299593467
chr1	6790001	6795000	-0.364469608037018
chr1	6795001	6800000	0.0565675646122042
chr1	6800001	6805000	0.83123743844336
chr1	6805001	6810000	0.00400732010747108
chr1	6810001	6815000	-0.243077083001053
chr1	6815001	6820000	0.0519653982570655
chr1	6820001	6825000	-0.302341931691487
chr1	6825001	6830000	-0.43460291146205
chr1	6830001	6835000	-0.248652121293645
chr1	6835001	6840000	-0.460849178878663
chr1	6840001	6845000	-0.182626988562548
chr1	6845001	6850000	-0.131611753078953
chr1	6850001	6855000	-0.331988642880052
chr1	6855001	6860000	-0.0252948340395847
chr1	6860001	6865000	-0.260375978641977
chr1	6865001	6870000	-0.0494317371051337
chr1	6870001	6875000	-0.285890351317785
chr1	6875001	6880000	-0.0433105769854105
chr1	6880001	6885000	-0.236473467416652
chr1	6885001	6890000	-0.143316176175152
chr1	6890001	6895000	-0.14754069128861
chr1	6895001	6900000	-0.140810525860838
chr1	6900001	6905000	-0.25890752168108
chr1	6905001	6910000	-0.0387131737026697
chr1	6910001	6915000	-0.144105978414339
chr1	6915001	6920000	0.594453267158731
chr1	6920001	6925000	0.274166092859558
chr1	6925001	6930000	-0.112782267115274
chr1	6930001	6935000	-0.240721588909245
chr1	6935001	6940000	-0.293703325121243
chr1	6940001	6945000	-0.536827717087923
chr1	6945001	6950000	-0.129312545510938
chr1	6950001	6955000	-0.080957951908014
chr1	6955001	6960000	-0.306471064777822
chr1	6960001	6965000	3.5521632283011
chr1	6965001	6970000	2.718381602955
chr1	6970001	6975000	0.381947086768922
chr1	6975001	6980000	-0.0616356288889998
chr1	6980001	6985000	-0.345551594620599
chr1	6985001	6990000	-0.593730852453129
chr1	6990001	6995000	-0.351401582994096
chr1	6995001	7000000	0.222750821651227
chr1	7000001	7005000	-0.211438732754889
chr1	7005001	7010000	-0.53165581842832
chr1	7010001	7015000	1.2279594585883
chr1	7015001	7020000	1.11911799074302
chr1	7020001	7025000	0.51015655470608
chr1	7025001	7030000	-0.382466483878247
chr1	7030001	7035000	-0.283096090875608
chr1	7035001	7040000	-0.276502873152171
chr1	7040001	7045000	-0.0826220931096413
chr1	7045001	7050000	0.373654198834588
chr1	7050001	7055000	-0.271013042511232
chr1	7055001	7060000	0.128201210814606
chr1	7060001	7065000	0.168954448341199
chr1	7065001	7070000	-0.252725971591046
chr1	7070001	7075000	0.111573576440676
chr1	7075001	7080000	-0.0752790066266362
chr1	7080001	7085000	-0.272307887999626
chr1	7085001	7090000	-0.219472147878574
chr1	7090001	7095000	1.99131162347373
chr1	7095001	7100000	0.517339937018351
chr1	7100001	7105000	0.467567392802101
chr1	7105001	7110000	2.57340466548457
chr1	7110001	7115000	0.29242251359862
chr1	7115001	7120000	-0.34283716061332
chr1	7120001	7125000	-0.194884204777337
chr1	7125001	7130000	2.45526918874017
chr1	7130001	7135000	-0.195643213667937
chr1	7135001	7140000	-0.356547337159084
chr1	7140001	7145000	0.135007959455701
chr1	7145001	7150000	0.846503702716016
chr1	7150001	7155000	0.425131807647137
chr1	7155001	7160000	-0.0787650689717188
chr1	7160001	7165000	-0.246607890758207
chr1	7165001	7170000	-0.450869350572691
chr1	7170001	7175000	0.653183303573451
chr1	7175001	7180000	0.656806460738671
chr1	7180001	7185000	-0.356412823203741
chr1	7185001	7190000	-0.253082697753813
chr1	7190001	7195000	-0.358646413819024
chr1	7195001	7200000	-0.419588068920349
chr1	7200001	7205000	-0.638376450382362
chr1	7205001	7210000	0.200752427668838
chr1	7210001	7215000	-0.262294210895938
chr1	7215001	7220000	0.169713566678583
chr1	7220001	7225000	0.747460780866906
chr1	7225001	7230000	2.37130502419576
chr1	7230001	7235000	0.250619178137384
chr1	7235001	7240000	-0.180995997066436
chr1	7240001	7245000	-0.758969884579559
chr1	7245001	7250000	-0.326263908580993
chr1	7250001	7255000	-0.52837334580125
chr1	7255001	7260000	-0.372234013146047
chr1	7260001	7265000	-0.261875662300708
chr1	7265001	7270000	-0.181650762239064
chr1	7270001	7275000	-0.833381864305168
chr1	7275001	7280000	-0.680467125803085
chr1	7280001	7285000	-0.492311349021987
chr1	7285001	7290000	-0.149339068869068
chr1	7290001	7295000	-0.118000521449757
chr1	7295001	7300000	-0.189386983195477
chr1	7300001	7305000	-0.0824164389059846
chr1	7305001	7310000	-0.600707376472127
chr1	7310001	7315000	-0.091499651634576
chr1	7315001	7320000	-0.280758716069905
chr1	7320001	7325000	-0.224627380156275
chr1	7325001	7330000	-0.499147980089684
chr1	7330001	7335000	2.56942246854015
chr1	7335001	7340000	2.57764516875317
chr1	7340001	7345000	0.0225860411186712
chr1	7345001	7350000	-0.175833147308357
chr1	7350001	7355000	-0.198115916330182
chr1	7355001	7360000	0.0583388335468586
chr1	7360001	7365000	-0.0134981276184537
chr1	7365001	7370000	-0.0518145908659943
chr1	7370001	7375000	-0.437309345724773
chr1	7375001	7380000	-0.0572781411237285
chr1	7380001	7385000	-0.354403129527918
chr1	7385001	7390000	0.382580027416564
chr1	7390001	7395000	0.0884266664247564
chr1	7395001	7400000	-0.566506078360621
chr1	7400001	7405000	-0.515427775334902
chr1	7405001	7410000	-0.24088652173483
chr1	7410001	7415000	-1.06105640396599
chr1	7415001	7420000	-0.90213336996043
chr1	7420001	7425000	-0.354905419069805
chr1	7425001	7430000	-0.181678008484448
chr1	7430001	7435000	-0.325772688194267
chr1	7435001	7440000	0.542951771829134
chr1	7440001	7445000	-0.154035353764861
chr1	7445001	7450000	0.186600197991969
chr1	7450001	7455000	0.24807244863965
chr1	7455001	7460000	-0.48422219489777
chr1	7460001	7465000	-0.230015165605048
chr1	7465001	7470000	-0.562840060859317
chr1	7470001	7475000	0.0609345331007581
chr1	7475001	7480000	-0.234851992647122
chr1	7480001	7485000	-0.0325879296555645
chr1	7485001	7490000	0.0196313588447712
chr1	7490001	7495000	0.68100135109597
chr1	7495001	7500000	3.07546121303321
chr1	7500001	7505000	3.14626574776074
chr1	7505001	7510000	1.13909942601083
chr1	7510001	7515000	0.380943114098954
chr1	7515001	7520000	-0.232183572989282
chr1	7520001	7525000	-0.247246046560989
chr1	7525001	7530000	-0.366575070435435
chr1	7530001	7535000	-0.222116748274623
chr1	7535001	7540000	0.347144376775214
chr1	7540001	7545000	0.0463843401738405
chr1	7545001	7550000	2.92814552620529
chr1	7550001	7555000	5.77644882167127
chr1	7555001	7560000	3.78115471021882
chr1	7560001	7565000	0.132262427713029
chr1	7565001	7570000	-0.0640203084196904
chr1	7570001	7575000	0.216424357007948
chr1	7575001	7580000	1.10722288953139
chr1	7580001	7585000	0.438903891147801
chr1	7585001	7590000	-0.182915881044844
chr1	7590001	7595000	0.0944260215790652
chr1	7595001	7600000	-0.324467509816426
chr1	7600001	7605000	-1.02976856124057
chr1	7605001	7610000	-0.697914970946422
chr1	7610001	7615000	-0.439235142276469
chr1	7615001	7620000	-0.131603842790548
chr1	7620001	7625000	-0.701674995046674
chr1	7625001	7630000	-0.568970941640183
chr1	7630001	7635000	-0.60212845654615
chr1	7635001	7640000	-0.443366798068146
chr1	7640001	7645000	0.605740289137367
chr1	7645001	7650000	1.91443631986241
chr1	7650001	7655000	0.508411275834367
chr1	7655001	7660000	0.188929594444964
chr1	7660001	7665000	-0.0575157355654009
chr1	7665001	7670000	1.39785332201375
chr1	7670001	7675000	0.400400784097954
chr1	7675001	7680000	1.8968100975786
chr1	7680001	7685000	5.24803024596311
chr1	7685001	7690000	-0.0186288224536893
chr1	7690001	7695000	-0.110697348218054
chr1	7695001	7700000	-0.345360888696035
chr1	7700001	7705000	2.38431233061736
chr1	7705001	7710000	0.403906577780598
chr1	7710001	7715000	-0.154317584107263
chr1	7715001	7720000	0.0516900150937239
chr1	7720001	7725000	0.405343156300203
chr1	7725001	7730000	2.65686734045553
chr1	7730001	7735000	1.30972490687918
chr1	7735001	7740000	0.531041310106426
chr1	7740001	7745000	0.60453706767793
chr1	7745001	7750000	-0.318969376653815
chr1	7750001	7755000	-0.0616984859940648
chr1	7755001	7760000	-0.325882763783264
chr1	7760001	7765000	-0.458769345710595
chr1	7765001	7770000	-0.148016184939827
chr1	7770001	7775000	6.13181085633943
chr1	7775001	7780000	0.118392177563459
chr1	7780001	7785000	3.80830230148238
chr1	7785001	7790000	0.109570909924495
chr1	7790001	7795000	-0.0804891174146352
chr1	7795001	7800000	0.0361131016344375
chr1	7800001	7805000	-0.476652175953157
chr1	7805001	7810000	-0.338464425870112
chr1	7810001	7815000	-0.139766260651536
chr1	7815001	7820000	-0.456622114910721
chr1	7820001	7825000	-0.159103002338966
chr1	7825001	7830000	1.25067305576123
chr1	7830001	7835000	1.33959429455152
chr1	7835001	7840000	0.0771079340524584
chr1	7840001	7845000	0.00728448968640998
chr1	7845001	7850000	-0.493000196539304
chr1	7850001	7855000	-0.441232718586285
chr1	7855001	7860000	0.0844630118321489
chr1	7860001	7865000	-0.548679684811478
chr1	7865001	7870000	-0.471066627063254
chr1	7870001	7875000	-0.466401912890163
chr1	7875001	7880000	-0.339112547810663
chr1	7880001	7885000	-0.393032959600457
chr1	7885001	7890000	-0.320180979137375
chr1	7890001	7895000	-0.354670235935637
chr1	7895001	7900000	0.101435280248926
chr1	7900001	7905000	0.780300392318329
chr1	7905001	7910000	0.00657576247487952
chr1	7910001	7915000	-0.432912454755038
chr1	7915001	7920000	0.0615877650141501
chr1	7920001	7925000	-0.470184682162785
chr1	7925001	7930000	0.16391261412512
chr1	7930001	7935000	1.01368563975201
chr1	7935001	7940000	-0.162333528256536
chr1	7940001	7945000	1.30366073061667
chr1	7945001	7950000	-0.30315342054458
chr1	7950001	7955000	-0.245810915180277
chr1	7955001	7960000	-0.1403741241128
chr1	7960001	7965000	10.044362522353
chr1	7965001	7970000	0.112636106149372
chr1	7970001	7975000	-0.176272156140541
chr1	7975001	7980000	-0.345086893310913
chr1	7980001	7985000	0.214809624861423
chr1	7985001	7990000	-0.0711325017821696
chr1	7990001	7995000	0.206675318247159
chr1	7995001	8000000	-0.465967896828499
chr1	8000001	8005000	-0.122416884757378
chr1	8005001	8010000	-0.0321764303624101
chr1	8010001	8015000	-0.36021352261685
chr1	8015001	8020000	-0.201712861316657
chr1	8020001	8025000	-0.100432194431506
chr1	8025001	8030000	3.22551510520247
chr1	8030001	8035000	-0.226794335284861
chr1	8035001	8040000	-0.517436591279163
chr1	8040001	8045000	-0.49913703621658
chr1	8045001	8050000	-0.135843189602244
chr1	8050001	8055000	0.0179049819697787
chr1	8055001	8060000	-0.100032268254527
chr1	8060001	8065000	-0.459779391294628
chr1	8065001	8070000	-0.447901694831272
chr1	8070001	8075000	-0.454211667863804
chr1	8075001	8080000	-0.563978631894343
chr1	8080001	8085000	-0.37460933386456
chr1	8085001	8090000	-0.229909525982991
chr1	8090001	8095000	-0.124869296735357
chr1	8095001	8100000	-0.371252170562158
chr1	8100001	8105000	-0.29030745135012
chr1	8105001	8110000	-0.240446410746539
chr1	8110001	8115000	-0.11095371379502
chr1	8115001	8120000	1.25231777863898
chr1	8120001	8125000	0.0559615424474051
chr1	8125001	8130000	-0.354517596469655
chr1	8130001	8135000	-0.378942319202818
chr1	8135001	8140000	-0.439087141308818
chr1	8140001	8145000	-0.406870904837649
chr1	8145001	8150000	0.00274697073828917
chr1	8150001	8155000	0.128259220420702
chr1	8155001	8160000	-0.426756598756144
chr1	8160001	8165000	-0.289286119875319
chr1	8165001	8170000	0.307704565323219
chr1	8170001	8175000	0.190715385735655
chr1	8175001	8180000	-0.585840951521165
chr1	8180001	8185000	-0.389255607968541
chr1	8185001	8190000	-0.561894556775467
chr1	8190001	8195000	0.140409942923112
chr1	8195001	8200000	-0.0201648808085725
chr1	8200001	8205000	-0.677613522514158
chr1	8205001	8210000	-0.272506223490446
chr1	8210001	8215000	-0.485855672643996
chr1	8215001	8220000	0.1048236102794
chr1	8220001	8225000	-0.365980822739751
chr1	8225001	8230000	-0.55819063414165
chr1	8230001	8235000	-0.624304941552952
chr1	8235001	8240000	-0.33661534837761
chr1	8240001	8245000	0.00446481508067967
chr1	8245001	8250000	-0.281547142783398
chr1	8250001	8255000	-0.0289172137195263
chr1	8255001	8260000	-0.549441498763166
chr1	8260001	8265000	-0.412268390280909
chr1	8265001	8270000	-0.537261099947229
chr1	8270001	8275000	-0.449274434046027
chr1	8275001	8280000	-0.501976716627335
chr1	8280001	8285000	-0.63802565834416
chr1	8285001	8290000	-0.535494285045239
chr1	8290001	8295000	-0.608501600000696
chr1	8295001	8300000	-0.635032042070596
chr1	8300001	8305000	-0.496716101043246
chr1	8305001	8310000	-0.321647507907737
chr1	8310001	8315000	-0.283989048225465
chr1	8315001	8320000	1.78276214411811
chr1	8320001	8325000	1.44808408531069
chr1	8325001	8330000	0.331358037993806
chr1	8330001	8335000	-0.321766938534292
chr1	8335001	8340000	-0.584915949634432
chr1	8340001	8345000	-0.197184641541961
chr1	8345001	8350000	0.163715662875299
chr1	8350001	8355000	0.183110704963778
chr1	8355001	8360000	0.13411435381209
chr1	8360001	8365000	-0.129352156115101
chr1	8365001	8370000	0.470252036759198
chr1	8370001	8375000	0.783299793204329
chr1	8375001	8380000	0.592026777591162
chr1	8380001	8385000	0.717399423961839
chr1	8385001	8390000	0.205200511909942
chr1	8390001	8395000	0.415864246169901
chr1	8395001	8400000	1.69872371392078
chr1	8400001	8405000	-0.0471523630826275
chr1	8405001	8410000	0.52812291067171
chr1	8410001	8415000	0.299422241779955
chr1	8415001	8420000	0.285196639912742
chr1	8420001	8425000	4.27671628032117
chr1	8425001	8430000	2.21390421647088
chr1	8430001	8435000	0.531099080025742
chr1	8435001	8440000	0.239919964627518
chr1	8440001	8445000	-0.195773454773987
chr1	8445001	8450000	0.496441307027339
chr1	8450001	8455000	0.302364238966111
chr1	8455001	8460000	-0.143941713903396
chr1	8460001	8465000	1.2943386930638
chr1	8465001	8470000	0.647736516842532
chr1	8470001	8475000	0.0157441862002108
chr1	8475001	8480000	0.0892252672254632
chr1	8480001	8485000	-0.346250339552311
chr1	8485001	8490000	-0.335504132365992
chr1	8490001	8495000	-0.0955924525446941
chr1	8495001	8500000	-0.0635613617243679
chr1	8500001	8505000	-0.776176280093679
chr1	8505001	8510000	0.267430605159206
chr1	8510001	8515000	0.283234568650273
chr1	8515001	8520000	0.756410097946363
chr1	8520001	8525000	0.191277313923218
chr1	8525001	8530000	0.522955957784518
chr1	8530001	8535000	-0.285428769420459
chr1	8535001	8540000	0.196114137545967
chr1	8540001	8545000	-0.448712077033553
chr1	8545001	8550000	-0.393267382052472
chr1	8550001	8555000	0.195661678516008
chr1	8555001	8560000	0.187031025171805
chr1	8560001	8565000	0.679986134019402
chr1	8565001	8570000	0.025511279939257
chr1	8570001	8575000	-0.109745888565937
chr1	8575001	8580000	-0.336030998219114
chr1	8580001	8585000	-0.227054645030113
chr1	8585001	8590000	0.280422188475535
chr1	8590001	8595000	0.539440362745633
chr1	8595001	8600000	0.242403220810244
chr1	8600001	8605000	0.512601014670556
chr1	8605001	8610000	0.0684750449142962
chr1	8610001	8615000	-0.328691335342645
chr1	8615001	8620000	-0.350885011532941
chr1	8620001	8625000	-0.0115433962923873
chr1	8625001	8630000	0.478383259838025
chr1	8630001	8635000	0.516542743120969
chr1	8635001	8640000	-0.286630434632156
chr1	8640001	8645000	0.293323658638874
chr1	8645001	8650000	0.442905171789919
chr1	8650001	8655000	1.23039323215481
chr1	8655001	8660000	0.174969131086589
chr1	8660001	8665000	1.48623898403783
chr1	8665001	8670000	1.36489273802414
chr1	8670001	8675000	0.537456191761727
chr1	8675001	8680000	0.251051323020869
chr1	8680001	8685000	-0.0887481911640448
chr1	8685001	8690000	0.485267775364366
chr1	8690001	8695000	0.0849182691205557
chr1	8695001	8700000	0.649929401342599
chr1	8700001	8705000	14.3514125638531
chr1	8705001	8710000	0.790281342772012
chr1	8710001	8715000	2.28702614072931
chr1	8715001	8720000	0.509847901317203
chr1	8720001	8725000	0.772605906497642
chr1	8725001	8730000	0.460044227937078
chr1	8730001	8735000	0.100299911341803
chr1	8735001	8740000	0.465538737042325
chr1	8740001	8745000	0.27726246328056
chr1	8745001	8750000	0.47167934831638
chr1	8750001	8755000	0.0706782492320316
chr1	8755001	8760000	-0.082725509203549
chr1	8760001	8765000	0.321179114719103
chr1	8765001	8770000	0.220081781812927
chr1	8770001	8775000	0.0678486450031472
chr1	8775001	8780000	0.0165464583540176
chr1	8780001	8785000	0.370231153790903
chr1	8785001	8790000	0.0959150819634765
chr1	8790001	8795000	0.612502137703715
chr1	8795001	8800000	2.31817494928446
chr1	8800001	8805000	-0.142168481130067
chr1	8805001	8810000	0.108105053839046
chr1	8810001	8815000	0.885006631911111
chr1	8815001	8820000	15.386222994412
chr1	8820001	8825000	-0.0144594011060932
chr1	8825001	8830000	0.0640865800561638
chr1	8830001	8835000	0.0224652848560471
chr1	8835001	8840000	-0.284724959069842
chr1	8840001	8845000	0.707614900112282
chr1	8845001	8850000	2.65124842919474
chr1	8850001	8855000	0.206347847501834
chr1	8855001	8860000	3.6836325658657
chr1	8860001	8865000	2.08740266730642
chr1	8865001	8870000	0.829464190584167
chr1	8870001	8875000	1.66519611719529
chr1	8875001	8880000	19.9333124439867
chr1	8880001	8885000	1.88428481582976
chr1	8885001	8890000	0.222523680756625
chr1	8890001	8895000	0.397831423180162
chr1	8895001	8900000	0.157991986390806
chr1	8900001	8905000	0.128976213978693
chr1	8905001	8910000	-0.288637554545811
chr1	8910001	8915000	0.178140639309862
chr1	8915001	8920000	0.567511185774092
chr1	8920001	8925000	0.622664809984833
chr1	8925001	8930000	-0.0495404330710425
chr1	8930001	8935000	-0.465449533798332
chr1	8935001	8940000	0.106790457547582
chr1	8940001	8945000	1.07247441147614
chr1	8945001	8950000	1.46803618200754
chr1	8950001	8955000	-0.398817997145521
chr1	8955001	8960000	-0.220829599354377
chr1	8960001	8965000	-0.265872169910552
chr1	8965001	8970000	-0.391663175529241
chr1	8970001	8975000	0.0958032180707421
chr1	8975001	8980000	-0.0459242427218191
chr1	8980001	8985000	0.578202481210402
chr1	8985001	8990000	1.46751360337396
chr1	8990001	8995000	0.102246959472169
chr1	8995001	9000000	-0.310744392744518
chr1	9000001	9005000	0.141395800747172
chr1	9005001	9010000	0.883517315922418
chr1	9010001	9015000	0.967235652813746
chr1	9015001	9020000	2.26470293588502
chr1	9020001	9025000	1.73409895737041
chr1	9025001	9030000	-0.00920475334779806
chr1	9030001	9035000	-0.0429794725342784
chr1	9035001	9040000	1.08510782171441
chr1	9040001	9045000	0.110941033122295
chr1	9045001	9050000	-0.0617849523570067
chr1	9050001	9055000	-0.0893463543668807
chr1	9055001	9060000	-0.0617729147248618
chr1	9060001	9065000	0.870474801758915
chr1	9065001	9070000	5.14427337694016
chr1	9070001	9075000	3.26658931230375
chr1	9075001	9080000	2.32591078988182
chr1	9080001	9085000	4.20188674938159
chr1	9085001	9090000	4.63036703941953
chr1	9090001	9095000	0.684176258406437
chr1	9095001	9100000	0.423964557781762
chr1	9100001	9105000	0.197519486315094
chr1	9105001	9110000	-0.0319360335429097
chr1	9110001	9115000	0.317570156643472
chr1	9115001	9120000	-0.107986635213412
chr1	9120001	9125000	0.202853198149869
chr1	9125001	9130000	6.27059803778145
chr1	9130001	9135000	0.291581765608334
chr1	9135001	9140000	-0.352424815925719
chr1	9140001	9145000	0.0382065471356491
chr1	9145001	9150000	0.225212577935743
chr1	9150001	9155000	0.738409841305413
chr1	9155001	9160000	-0.427984599224898
chr1	9160001	9165000	0.637040326695335
chr1	9165001	9170000	0.680371181446652
chr1	9170001	9175000	-0.225091186455961
chr1	9175001	9180000	-0.346115927136051
chr1	9180001	9185000	3.77118736607388
chr1	9185001	9190000	-0.243140118582762
chr1	9190001	9195000	0.193616867239224
chr1	9195001	9200000	2.59779830872561
chr1	9200001	9205000	-0.135335273257312
chr1	9205001	9210000	-0.451138604266291
chr1	9210001	9215000	0.235358817649725
chr1	9215001	9220000	-0.259285228734003
chr1	9220001	9225000	-0.299449462077948
chr1	9225001	9230000	0.11979172451562
chr1	9230001	9235000	3.74066043776262
chr1	9235001	9240000	5.70654495270749
chr1	9240001	9245000	2.33640811601159
chr1	9245001	9250000	0.536311319030691
chr1	9250001	9255000	-0.172309605893616
chr1	9255001	9260000	0.333485526384506
chr1	9260001	9265000	-0.335312368399997
chr1	9265001	9270000	1.07586591571344
chr1	9270001	9275000	0.147303609843042
chr1	9275001	9280000	1.32519604499752
chr1	9280001	9285000	4.02143638681697
chr1	9285001	9290000	0.374592111822427
chr1	9290001	9295000	6.21319207700945
chr1	9295001	9300000	0.47369424847473
chr1	9300001	9305000	1.15391633645889
chr1	9305001	9310000	0.452598162807948
chr1	9310001	9315000	0.0507232717700085
chr1	9315001	9320000	0.311874132698346
chr1	9320001	9325000	-0.0797762091620705
chr1	9325001	9330000	0.256685000122908
chr1	9330001	9335000	0.415364677270292
chr1	9335001	9340000	-0.0161257367873013
chr1	9340001	9345000	0.313784890162918
chr1	9345001	9350000	0.056963248503213
chr1	9350001	9355000	0.395365304464259
chr1	9355001	9360000	0.0804318844607778
chr1	9360001	9365000	3.84412083724609
chr1	9365001	9370000	0.895114393216654
chr1	9370001	9375000	0.59803144280987
chr1	9375001	9380000	0.105613621473247
chr1	9380001	9385000	0.3049426650452
chr1	9385001	9390000	0.305830966848014
chr1	9390001	9395000	0.155464938532594
chr1	9395001	9400000	3.4618665070987
chr1	9400001	9405000	3.06947012285238
chr1	9405001	9410000	0.611995026808821
chr1	9410001	9415000	4.12403879123384
chr1	9415001	9420000	1.30557592571987
chr1	9420001	9425000	2.28127462825073
chr1	9425001	9430000	8.57046737807152
chr1	9430001	9435000	0.338093057663647
chr1	9435001	9440000	-0.0340008653750198
chr1	9440001	9445000	-0.177346963858068
chr1	9445001	9450000	1.20052993335135
chr1	9450001	9455000	0.097133661573407
chr1	9455001	9460000	-0.00879157823468105
chr1	9460001	9465000	-0.119369877546628
chr1	9465001	9470000	-0.0252949786603054
chr1	9470001	9475000	-0.589897668520404
chr1	9475001	9480000	-0.333303028699336
chr1	9480001	9485000	-0.365968174515495
chr1	9485001	9490000	0.189629956826991
chr1	9490001	9495000	0.105332366835556
chr1	9495001	9500000	0.77397906953789
chr1	9500001	9505000	1.04048584454405
chr1	9505001	9510000	-0.22487657536259
chr1	9510001	9515000	0.231541845695425
chr1	9515001	9520000	0.233858987343482
chr1	9520001	9525000	-0.188306381760568
chr1	9525001	9530000	0.0719868296938854
chr1	9530001	9535000	0.0386211480575748
chr1	9535001	9540000	5.6108185731449
chr1	9540001	9545000	4.33104448735784
chr1	9545001	9550000	0.152454943859659
chr1	9550001	9555000	-0.0255926532020135
chr1	9555001	9560000	0.146930036139076
chr1	9560001	9565000	-0.071464171284061
chr1	9565001	9570000	1.28513202964414
chr1	9570001	9575000	0.581438431083985
chr1	9575001	9580000	0.322628997588237
chr1	9580001	9585000	-0.273118349008954
chr1	9585001	9590000	8.14868365319913
chr1	9590001	9595000	12.093379464779
chr1	9595001	9600000	1.93334142668666
chr1	9600001	9605000	0.23076832095056
chr1	9605001	9610000	-0.033358931335616
chr1	9610001	9615000	-0.141651544845805
chr1	9615001	9620000	0.0512015554457585
chr1	9620001	9625000	-0.339061850674418
chr1	9625001	9630000	4.33480469996954
chr1	9630001	9635000	1.90338663917288
chr1	9635001	9640000	0.60090911340363
chr1	9640001	9645000	0.549461310327871
chr1	9645001	9650000	1.28901229798682
chr1	9650001	9655000	21.6556038037608
chr1	9655001	9660000	4.76276046142579
chr1	9660001	9665000	0.168218958231701
chr1	9665001	9670000	0.559704166911122
chr1	9670001	9675000	0.444965717109476
chr1	9675001	9680000	0.44413209412133
chr1	9680001	9685000	0.535362333741567
chr1	9685001	9690000	4.45696513388839
chr1	9690001	9695000	1.58982865797129
chr1	9695001	9700000	0.174851819813979
chr1	9700001	9705000	1.37615163732623
chr1	9705001	9710000	0.70595837792264
chr1	9710001	9715000	1.51313443817756
chr1	9715001	9720000	7.07890693572653
chr1	9720001	9725000	1.21700305805871
chr1	9725001	9730000	2.23046029582037
chr1	9730001	9735000	2.44351206380616
chr1	9735001	9740000	1.32204329690023
chr1	9740001	9745000	-0.121052551502034
chr1	9745001	9750000	-0.0115721065816942
chr1	9750001	9755000	0.094004288333595
chr1	9755001	9760000	0.296474469437753
chr1	9760001	9765000	1.57015414850229
chr1	9765001	9770000	0.363556113202918
chr1	9770001	9775000	-0.125869176664414
chr1	9775001	9780000	0.0927139532533674
chr1	9780001	9785000	0.238780087183975
chr1	9785001	9790000	1.64885331958223
chr1	9790001	9795000	0.160969836407568
chr1	9795001	9800000	0.0770119861595113
chr1	9800001	9805000	-0.00932979839581827
chr1	9805001	9810000	0.0664932548942801
chr1	9810001	9815000	0.290355705994118
chr1	9815001	9820000	0.0769688751895658
chr1	9820001	9825000	9.80619393077263
chr1	9825001	9830000	0.217725436648362
chr1	9830001	9835000	-0.28630877640829
chr1	9835001	9840000	0.674431628827665
chr1	9840001	9845000	0.835595613870065
chr1	9845001	9850000	3.32187167426127
chr1	9850001	9855000	4.27515121828261
chr1	9855001	9860000	0.0298519439589059
chr1	9860001	9865000	1.3456955287192
chr1	9865001	9870000	1.36637327623242
chr1	9870001	9875000	0.181017794631286
chr1	9875001	9880000	-0.256995414124959
chr1	9880001	9885000	0.111430113036105
chr1	9885001	9890000	0.0815288193775918
chr1	9890001	9895000	2.20091084045943
chr1	9895001	9900000	0.200148679351172
chr1	9900001	9905000	0.787125716923828
chr1	9905001	9910000	3.77071565741626
chr1	9910001	9915000	6.36877559264454
chr1	9915001	9920000	-0.349535662303178
chr1	9920001	9925000	-0.521225430328048
chr1	9925001	9930000	-0.18787259741922
chr1	9930001	9935000	-0.241272066164397
chr1	9935001	9940000	-0.258036370775981
chr1	9940001	9945000	7.88063675217972
chr1	9945001	9950000	0.0615745699033823
chr1	9950001	9955000	1.38007416986553
chr1	9955001	9960000	0.214996570006822
chr1	9960001	9965000	1.40811540335403
chr1	9965001	9970000	-0.506542226471699
chr1	9970001	9975000	-0.414294246118928
chr1	9975001	9980000	-0.080732493812093
chr1	9980001	9985000	-0.294251496026405
chr1	9985001	9990000	-0.332793988115351
chr1	9990001	9995000	-0.182731925193562
chr1	9995001	10000000	-0.323223940912358
